;; Dribble of #<IO TERMINAL-STREAM> started on 2017-03-22 19:32:01.
#<OUTPUT BUFFERED FILE-STREAM CHARACTER #P"task_files/task_3_demo.txt">
[2]> ( load "dobo.l" )
;; Loading file dobo.l ...
;;  Loading file lp.l ...
;;  Loaded file lp.l
;; Loaded file dobo.l
T
[3]> ( dobo-demo-3 )

possible Moves List for 3 x 3 board: 


---------------------------------------------------------
1: ((0 0))
2: ((0 1))
3: ((0 2))
4: ((0 0) (0 1))
5: ((0 1) (0 2))
6: ((0 0) (0 1) (0 2))
7: ((1 0))
8: ((1 1))
9: ((1 2))
10: ((1 0) (1 1))
11: ((1 1) (1 2))
12: ((1 0) (1 1) (1 2))
13: ((2 0))
14: ((2 1))
15: ((2 2))
16: ((2 0) (2 1))
17: ((2 1) (2 2))
18: ((2 0) (2 1) (2 2))
19: ((0 0) (1 0))
20: ((1 0) (2 0))
21: ((0 0) (1 0) (2 0))
22: ((0 1) (1 1))
23: ((1 1) (2 1))
24: ((0 1) (1 1) (2 1))
25: ((0 2) (1 2))
26: ((1 2) (2 2))
27: ((0 2) (1 2) (2 2))
---------------------------------------------------------

Possible Moves List for 4 x 4 board: 



---------------------------------------------------------
1: ((0 0))
2: ((0 1))
3: ((0 2))
4: ((0 3))
5: ((0 0) (0 1))
6: ((0 1) (0 2))
7: ((0 2) (0 3))
8: ((0 0) (0 1) (0 2))
9: ((0 1) (0 2) (0 3))
10: ((0 0) (0 1) (0 2) (0 3))
11: ((1 0))
12: ((1 1))
13: ((1 2))
14: ((1 3))
15: ((1 0) (1 1))
16: ((1 1) (1 2))
17: ((1 2) (1 3))
18: ((1 0) (1 1) (1 2))
19: ((1 1) (1 2) (1 3))
20: ((1 0) (1 1) (1 2) (1 3))
21: ((2 0))
22: ((2 1))
23: ((2 2))
24: ((2 3))
25: ((2 0) (2 1))
26: ((2 1) (2 2))
27: ((2 2) (2 3))
28: ((2 0) (2 1) (2 2))
29: ((2 1) (2 2) (2 3))
30: ((2 0) (2 1) (2 2) (2 3))
31: ((3 0))
32: ((3 1))
33: ((3 2))
34: ((3 3))
35: ((3 0) (3 1))
36: ((3 1) (3 2))
37: ((3 2) (3 3))
38: ((3 0) (3 1) (3 2))
39: ((3 1) (3 2) (3 3))
40: ((3 0) (3 1) (3 2) (3 3))
41: ((0 0) (1 0))
42: ((1 0) (2 0))
43: ((2 0) (3 0))
44: ((0 0) (1 0) (2 0))
45: ((1 0) (2 0) (3 0))
46: ((0 0) (1 0) (2 0) (3 0))
47: ((0 1) (1 1))
48: ((1 1) (2 1))
49: ((2 1) (3 1))
50: ((0 1) (1 1) (2 1))
51: ((1 1) (2 1) (3 1))
52: ((0 1) (1 1) (2 1) (3 1))
53: ((0 2) (1 2))
54: ((1 2) (2 2))
55: ((2 2) (3 2))
56: ((0 2) (1 2) (2 2))
57: ((1 2) (2 2) (3 2))
58: ((0 2) (1 2) (2 2) (3 2))
59: ((0 3) (1 3))
60: ((1 3) (2 3))
61: ((2 3) (3 3))
62: ((0 3) (1 3) (2 3))
63: ((1 3) (2 3) (3 3))
64: ((0 3) (1 3) (2 3) (3 3))
---------------------------------------------------------

Possible Moves List for 5 x 5 board: 


---------------------------------------------------------
1: ((0 0))
2: ((0 1))
3: ((0 2))
4: ((0 3))
5: ((0 4))
6: ((0 0) (0 1))
7: ((0 1) (0 2))
8: ((0 2) (0 3))
9: ((0 3) (0 4))
10: ((0 0) (0 1) (0 2))
11: ((0 1) (0 2) (0 3))
12: ((0 2) (0 3) (0 4))
13: ((0 0) (0 1) (0 2) (0 3))
14: ((0 1) (0 2) (0 3) (0 4))
15: ((0 0) (0 1) (0 2) (0 3) (0 4))
16: ((1 0))
17: ((1 1))
18: ((1 2))
19: ((1 3))
20: ((1 4))
21: ((1 0) (1 1))
22: ((1 1) (1 2))
23: ((1 2) (1 3))
24: ((1 3) (1 4))
25: ((1 0) (1 1) (1 2))
26: ((1 1) (1 2) (1 3))
27: ((1 2) (1 3) (1 4))
28: ((1 0) (1 1) (1 2) (1 3))
29: ((1 1) (1 2) (1 3) (1 4))
30: ((1 0) (1 1) (1 2) (1 3) (1 4))
31: ((2 0))
32: ((2 1))
33: ((2 2))
34: ((2 3))
35: ((2 4))
36: ((2 0) (2 1))
37: ((2 1) (2 2))
38: ((2 2) (2 3))
39: ((2 3) (2 4))
40: ((2 0) (2 1) (2 2))
41: ((2 1) (2 2) (2 3))
42: ((2 2) (2 3) (2 4))
43: ((2 0) (2 1) (2 2) (2 3))
44: ((2 1) (2 2) (2 3) (2 4))
45: ((2 0) (2 1) (2 2) (2 3) (2 4))
46: ((3 0))
47: ((3 1))
48: ((3 2))
49: ((3 3))
50: ((3 4))
51: ((3 0) (3 1))
52: ((3 1) (3 2))
53: ((3 2) (3 3))
54: ((3 3) (3 4))
55: ((3 0) (3 1) (3 2))
56: ((3 1) (3 2) (3 3))
57: ((3 2) (3 3) (3 4))
58: ((3 0) (3 1) (3 2) (3 3))
59: ((3 1) (3 2) (3 3) (3 4))
60: ((3 0) (3 1) (3 2) (3 3) (3 4))
61: ((4 0))
62: ((4 1))
63: ((4 2))
64: ((4 3))
65: ((4 4))
66: ((4 0) (4 1))
67: ((4 1) (4 2))
68: ((4 2) (4 3))
69: ((4 3) (4 4))
70: ((4 0) (4 1) (4 2))
71: ((4 1) (4 2) (4 3))
72: ((4 2) (4 3) (4 4))
73: ((4 0) (4 1) (4 2) (4 3))
74: ((4 1) (4 2) (4 3) (4 4))
75: ((4 0) (4 1) (4 2) (4 3) (4 4))
76: ((0 0) (1 0))
77: ((1 0) (2 0))
78: ((2 0) (3 0))
79: ((3 0) (4 0))
80: ((0 0) (1 0) (2 0))
81: ((1 0) (2 0) (3 0))
82: ((2 0) (3 0) (4 0))
83: ((0 0) (1 0) (2 0) (3 0))
84: ((1 0) (2 0) (3 0) (4 0))
85: ((0 0) (1 0) (2 0) (3 0) (4 0))
86: ((0 1) (1 1))
87: ((1 1) (2 1))
88: ((2 1) (3 1))
89: ((3 1) (4 1))
90: ((0 1) (1 1) (2 1))
91: ((1 1) (2 1) (3 1))
92: ((2 1) (3 1) (4 1))
93: ((0 1) (1 1) (2 1) (3 1))
94: ((1 1) (2 1) (3 1) (4 1))
95: ((0 1) (1 1) (2 1) (3 1) (4 1))
96: ((0 2) (1 2))
97: ((1 2) (2 2))
98: ((2 2) (3 2))
99: ((3 2) (4 2))
100: ((0 2) (1 2) (2 2))
101: ((1 2) (2 2) (3 2))
102: ((2 2) (3 2) (4 2))
103: ((0 2) (1 2) (2 2) (3 2))
104: ((1 2) (2 2) (3 2) (4 2))
105: ((0 2) (1 2) (2 2) (3 2) (4 2))
106: ((0 3) (1 3))
107: ((1 3) (2 3))
108: ((2 3) (3 3))
109: ((3 3) (4 3))
110: ((0 3) (1 3) (2 3))
111: ((1 3) (2 3) (3 3))
112: ((2 3) (3 3) (4 3))
113: ((0 3) (1 3) (2 3) (3 3))
114: ((1 3) (2 3) (3 3) (4 3))
115: ((0 3) (1 3) (2 3) (3 3) (4 3))
116: ((0 4) (1 4))
117: ((1 4) (2 4))
118: ((2 4) (3 4))
119: ((3 4) (4 4))
120: ((0 4) (1 4) (2 4))
121: ((1 4) (2 4) (3 4))
122: ((2 4) (3 4) (4 4))
123: ((0 4) (1 4) (2 4) (3 4))
124: ((1 4) (2 4) (3 4) (4 4))
125: ((0 4) (1 4) (2 4) (3 4) (4 4))
---------------------------------------------------------

dobo-demo-3.1 returned NIL
Making an instance of a game ...
Manually adding a few states to the game ...
Displaying the game ...


  1  1  1  1  1
  1  1  1  1  1
  1  1  1  1  1
  1  1  1  1  1
  1  1  1  1  1


  1  1  1  1  1
  1  1  1  1  1
  1  1  1  1  1
  1  1  1  1  1
  1  1  1  1  1


  1  1  1  1  1
  1  1  1  1  1
  1  1  1  1  1
  1  1  1  1  1
  1  1  1  1  1


  1  1  1  1  1
  1  1  1  1  1
  1  1  1  1  1
  1  1  1  1  1
  1  1  1  1  1

dobo-demo-3.2 returned NIL


---------------------------------------------------------
1: ((0 0))
2: ((0 1))
3: ((0 2))
4: ((0 3))
5: ((0 4))
6: ((0 0) (0 1))
7: ((0 1) (0 2))
8: ((0 2) (0 3))
9: ((0 3) (0 4))
10: ((0 0) (0 1) (0 2))
11: ((0 1) (0 2) (0 3))
12: ((0 2) (0 3) (0 4))
13: ((0 0) (0 1) (0 2) (0 3))
14: ((0 1) (0 2) (0 3) (0 4))
15: ((0 0) (0 1) (0 2) (0 3) (0 4))
16: ((1 0))
17: ((1 1))
18: ((1 2))
19: ((1 3))
20: ((1 4))
21: ((1 0) (1 1))
22: ((1 1) (1 2))
23: ((1 2) (1 3))
24: ((1 3) (1 4))
25: ((1 0) (1 1) (1 2))
26: ((1 1) (1 2) (1 3))
27: ((1 2) (1 3) (1 4))
28: ((1 0) (1 1) (1 2) (1 3))
29: ((1 1) (1 2) (1 3) (1 4))
30: ((1 0) (1 1) (1 2) (1 3) (1 4))
31: ((2 0))
32: ((2 1))
33: ((2 2))
34: ((2 3))
35: ((2 4))
36: ((2 0) (2 1))
37: ((2 1) (2 2))
38: ((2 2) (2 3))
39: ((2 3) (2 4))
40: ((2 0) (2 1) (2 2))
41: ((2 1) (2 2) (2 3))
42: ((2 2) (2 3) (2 4))
43: ((2 0) (2 1) (2 2) (2 3))
44: ((2 1) (2 2) (2 3) (2 4))
45: ((2 0) (2 1) (2 2) (2 3) (2 4))
46: ((3 0))
47: ((3 1))
48: ((3 2))
49: ((3 3))
50: ((3 4))
51: ((3 0) (3 1))
52: ((3 1) (3 2))
53: ((3 2) (3 3))
54: ((3 3) (3 4))
55: ((3 0) (3 1) (3 2))
56: ((3 1) (3 2) (3 3))
57: ((3 2) (3 3) (3 4))
58: ((3 0) (3 1) (3 2) (3 3))
59: ((3 1) (3 2) (3 3) (3 4))
60: ((3 0) (3 1) (3 2) (3 3) (3 4))
61: ((4 0))
62: ((4 1))
63: ((4 2))
64: ((4 3))
65: ((4 4))
66: ((4 0) (4 1))
67: ((4 1) (4 2))
68: ((4 2) (4 3))
69: ((4 3) (4 4))
70: ((4 0) (4 1) (4 2))
71: ((4 1) (4 2) (4 3))
72: ((4 2) (4 3) (4 4))
73: ((4 0) (4 1) (4 2) (4 3))
74: ((4 1) (4 2) (4 3) (4 4))
75: ((4 0) (4 1) (4 2) (4 3) (4 4))
76: ((0 0) (1 0))
77: ((1 0) (2 0))
78: ((2 0) (3 0))
79: ((3 0) (4 0))
80: ((0 0) (1 0) (2 0))
81: ((1 0) (2 0) (3 0))
82: ((2 0) (3 0) (4 0))
83: ((0 0) (1 0) (2 0) (3 0))
84: ((1 0) (2 0) (3 0) (4 0))
85: ((0 0) (1 0) (2 0) (3 0) (4 0))
86: ((0 1) (1 1))
87: ((1 1) (2 1))
88: ((2 1) (3 1))
89: ((3 1) (4 1))
90: ((0 1) (1 1) (2 1))
91: ((1 1) (2 1) (3 1))
92: ((2 1) (3 1) (4 1))
93: ((0 1) (1 1) (2 1) (3 1))
94: ((1 1) (2 1) (3 1) (4 1))
95: ((0 1) (1 1) (2 1) (3 1) (4 1))
96: ((0 2) (1 2))
97: ((1 2) (2 2))
98: ((2 2) (3 2))
99: ((3 2) (4 2))
100: ((0 2) (1 2) (2 2))
101: ((1 2) (2 2) (3 2))
102: ((2 2) (3 2) (4 2))
103: ((0 2) (1 2) (2 2) (3 2))
104: ((1 2) (2 2) (3 2) (4 2))
105: ((0 2) (1 2) (2 2) (3 2) (4 2))
106: ((0 3) (1 3))
107: ((1 3) (2 3))
108: ((2 3) (3 3))
109: ((3 3) (4 3))
110: ((0 3) (1 3) (2 3))
111: ((1 3) (2 3) (3 3))
112: ((2 3) (3 3) (4 3))
113: ((0 3) (1 3) (2 3) (3 3))
114: ((1 3) (2 3) (3 3) (4 3))
115: ((0 3) (1 3) (2 3) (3 3) (4 3))
116: ((0 4) (1 4))
117: ((1 4) (2 4))
118: ((2 4) (3 4))
119: ((3 4) (4 4))
120: ((0 4) (1 4) (2 4))
121: ((1 4) (2 4) (3 4))
122: ((2 4) (3 4) (4 4))
123: ((0 4) (1 4) (2 4) (3 4))
124: ((1 4) (2 4) (3 4) (4 4))
125: ((0 4) (1 4) (2 4) (3 4) (4 4))
---------------------------------------------------------


  1  1  1  1  1
  1  1  1  1  1
  1  1  1  1  1
  1  1  1  1  1
  1  1  1  1  1

The move that will be applied is ((3 1))

  1  1  1  1  1
  1  1  1  1  1
  1  1  1  1  1
  1  0  1  1  1
  1  1  1  1  1

Eliminating now impossible moves from the possbile moves list ...


---------------------------------------------------------
1: ((0 0))
2: ((0 1))
3: ((0 2))
4: ((0 3))
5: ((0 4))
6: ((0 0) (0 1))
7: ((0 1) (0 2))
8: ((0 2) (0 3))
9: ((0 3) (0 4))
10: ((0 0) (0 1) (0 2))
11: ((0 1) (0 2) (0 3))
12: ((0 2) (0 3) (0 4))
13: ((0 0) (0 1) (0 2) (0 3))
14: ((0 1) (0 2) (0 3) (0 4))
15: ((0 0) (0 1) (0 2) (0 3) (0 4))
16: ((1 0))
17: ((1 1))
18: ((1 2))
19: ((1 3))
20: ((1 4))
21: ((1 0) (1 1))
22: ((1 1) (1 2))
23: ((1 2) (1 3))
24: ((1 3) (1 4))
25: ((1 0) (1 1) (1 2))
26: ((1 1) (1 2) (1 3))
27: ((1 2) (1 3) (1 4))
28: ((1 0) (1 1) (1 2) (1 3))
29: ((1 1) (1 2) (1 3) (1 4))
30: ((1 0) (1 1) (1 2) (1 3) (1 4))
31: ((2 0))
32: ((2 1))
33: ((2 2))
34: ((2 3))
35: ((2 4))
36: ((2 0) (2 1))
37: ((2 1) (2 2))
38: ((2 2) (2 3))
39: ((2 3) (2 4))
40: ((2 0) (2 1) (2 2))
41: ((2 1) (2 2) (2 3))
42: ((2 2) (2 3) (2 4))
43: ((2 0) (2 1) (2 2) (2 3))
44: ((2 1) (2 2) (2 3) (2 4))
45: ((2 0) (2 1) (2 2) (2 3) (2 4))
46: ((3 0))
47: ((3 2))
48: ((3 3))
49: ((3 4))
50: ((3 2) (3 3))
51: ((3 3) (3 4))
52: ((3 2) (3 3) (3 4))
53: ((4 0))
54: ((4 1))
55: ((4 2))
56: ((4 3))
57: ((4 4))
58: ((4 0) (4 1))
59: ((4 1) (4 2))
60: ((4 2) (4 3))
61: ((4 3) (4 4))
62: ((4 0) (4 1) (4 2))
63: ((4 1) (4 2) (4 3))
64: ((4 2) (4 3) (4 4))
65: ((4 0) (4 1) (4 2) (4 3))
66: ((4 1) (4 2) (4 3) (4 4))
67: ((4 0) (4 1) (4 2) (4 3) (4 4))
68: ((0 0) (1 0))
69: ((1 0) (2 0))
70: ((2 0) (3 0))
71: ((3 0) (4 0))
72: ((0 0) (1 0) (2 0))
73: ((1 0) (2 0) (3 0))
74: ((2 0) (3 0) (4 0))
75: ((0 0) (1 0) (2 0) (3 0))
76: ((1 0) (2 0) (3 0) (4 0))
77: ((0 0) (1 0) (2 0) (3 0) (4 0))
78: ((0 1) (1 1))
79: ((1 1) (2 1))
80: ((0 1) (1 1) (2 1))
81: ((0 2) (1 2))
82: ((1 2) (2 2))
83: ((2 2) (3 2))
84: ((3 2) (4 2))
85: ((0 2) (1 2) (2 2))
86: ((1 2) (2 2) (3 2))
87: ((2 2) (3 2) (4 2))
88: ((0 2) (1 2) (2 2) (3 2))
89: ((1 2) (2 2) (3 2) (4 2))
90: ((0 2) (1 2) (2 2) (3 2) (4 2))
91: ((0 3) (1 3))
92: ((1 3) (2 3))
93: ((2 3) (3 3))
94: ((3 3) (4 3))
95: ((0 3) (1 3) (2 3))
96: ((1 3) (2 3) (3 3))
97: ((2 3) (3 3) (4 3))
98: ((0 3) (1 3) (2 3) (3 3))
99: ((1 3) (2 3) (3 3) (4 3))
100: ((0 3) (1 3) (2 3) (3 3) (4 3))
101: ((0 4) (1 4))
102: ((1 4) (2 4))
103: ((2 4) (3 4))
104: ((3 4) (4 4))
105: ((0 4) (1 4) (2 4))
106: ((1 4) (2 4) (3 4))
107: ((2 4) (3 4) (4 4))
108: ((0 4) (1 4) (2 4) (3 4))
109: ((1 4) (2 4) (3 4) (4 4))
110: ((0 4) (1 4) (2 4) (3 4) (4 4))
---------------------------------------------------------


  1  1  1  1  1
  1  1  1  1  1
  1  1  1  1  1
  1  0  1  1  1
  1  1  1  1  1

The move that will be applied is ((1 1) (1 2) (1 3) (1 4))

  1  1  1  1  1
  1  0  0  0  0
  1  1  1  1  1
  1  0  1  1  1
  1  1  1  1  1

Eliminating now impossible moves from the possbile moves list ...


---------------------------------------------------------
1: ((0 0))
2: ((0 1))
3: ((0 2))
4: ((0 3))
5: ((0 4))
6: ((0 0) (0 1))
7: ((0 1) (0 2))
8: ((0 2) (0 3))
9: ((0 3) (0 4))
10: ((0 0) (0 1) (0 2))
11: ((0 1) (0 2) (0 3))
12: ((0 2) (0 3) (0 4))
13: ((0 0) (0 1) (0 2) (0 3))
14: ((0 1) (0 2) (0 3) (0 4))
15: ((0 0) (0 1) (0 2) (0 3) (0 4))
16: ((1 0))
17: ((2 0))
18: ((2 1))
19: ((2 2))
20: ((2 3))
21: ((2 4))
22: ((2 0) (2 1))
23: ((2 1) (2 2))
24: ((2 2) (2 3))
25: ((2 3) (2 4))
26: ((2 0) (2 1) (2 2))
27: ((2 1) (2 2) (2 3))
28: ((2 2) (2 3) (2 4))
29: ((2 0) (2 1) (2 2) (2 3))
30: ((2 1) (2 2) (2 3) (2 4))
31: ((2 0) (2 1) (2 2) (2 3) (2 4))
32: ((3 0))
33: ((3 2))
34: ((3 3))
35: ((3 4))
36: ((3 2) (3 3))
37: ((3 3) (3 4))
38: ((3 2) (3 3) (3 4))
39: ((4 0))
40: ((4 1))
41: ((4 2))
42: ((4 3))
43: ((4 4))
44: ((4 0) (4 1))
45: ((4 1) (4 2))
46: ((4 2) (4 3))
47: ((4 3) (4 4))
48: ((4 0) (4 1) (4 2))
49: ((4 1) (4 2) (4 3))
50: ((4 2) (4 3) (4 4))
51: ((4 0) (4 1) (4 2) (4 3))
52: ((4 1) (4 2) (4 3) (4 4))
53: ((4 0) (4 1) (4 2) (4 3) (4 4))
54: ((0 0) (1 0))
55: ((1 0) (2 0))
56: ((2 0) (3 0))
57: ((3 0) (4 0))
58: ((0 0) (1 0) (2 0))
59: ((1 0) (2 0) (3 0))
60: ((2 0) (3 0) (4 0))
61: ((0 0) (1 0) (2 0) (3 0))
62: ((1 0) (2 0) (3 0) (4 0))
63: ((0 0) (1 0) (2 0) (3 0) (4 0))
64: ((2 2) (3 2))
65: ((3 2) (4 2))
66: ((2 2) (3 2) (4 2))
67: ((2 3) (3 3))
68: ((3 3) (4 3))
69: ((2 3) (3 3) (4 3))
70: ((2 4) (3 4))
71: ((3 4) (4 4))
72: ((2 4) (3 4) (4 4))
---------------------------------------------------------


  1  1  1  1  1
  1  0  0  0  0
  1  1  1  1  1
  1  0  1  1  1
  1  1  1  1  1

The move that will be applied is ((2 2) (2 3))

  1  1  1  1  1
  1  0  0  0  0
  1  1  0  0  1
  1  0  1  1  1
  1  1  1  1  1

Eliminating now impossible moves from the possbile moves list ...


---------------------------------------------------------
1: ((0 0))
2: ((0 1))
3: ((0 2))
4: ((0 3))
5: ((0 4))
6: ((0 0) (0 1))
7: ((0 1) (0 2))
8: ((0 2) (0 3))
9: ((0 3) (0 4))
10: ((0 0) (0 1) (0 2))
11: ((0 1) (0 2) (0 3))
12: ((0 2) (0 3) (0 4))
13: ((0 0) (0 1) (0 2) (0 3))
14: ((0 1) (0 2) (0 3) (0 4))
15: ((0 0) (0 1) (0 2) (0 3) (0 4))
16: ((1 0))
17: ((2 0))
18: ((2 1))
19: ((2 4))
20: ((2 0) (2 1))
21: ((3 0))
22: ((3 2))
23: ((3 3))
24: ((3 4))
25: ((3 2) (3 3))
26: ((3 3) (3 4))
27: ((3 2) (3 3) (3 4))
28: ((4 0))
29: ((4 1))
30: ((4 2))
31: ((4 3))
32: ((4 4))
33: ((4 0) (4 1))
34: ((4 1) (4 2))
35: ((4 2) (4 3))
36: ((4 3) (4 4))
37: ((4 0) (4 1) (4 2))
38: ((4 1) (4 2) (4 3))
39: ((4 2) (4 3) (4 4))
40: ((4 0) (4 1) (4 2) (4 3))
41: ((4 1) (4 2) (4 3) (4 4))
42: ((4 0) (4 1) (4 2) (4 3) (4 4))
43: ((0 0) (1 0))
44: ((1 0) (2 0))
45: ((2 0) (3 0))
46: ((3 0) (4 0))
47: ((0 0) (1 0) (2 0))
48: ((1 0) (2 0) (3 0))
49: ((2 0) (3 0) (4 0))
50: ((0 0) (1 0) (2 0) (3 0))
51: ((1 0) (2 0) (3 0) (4 0))
52: ((0 0) (1 0) (2 0) (3 0) (4 0))
53: ((3 2) (4 2))
54: ((3 3) (4 3))
55: ((2 4) (3 4))
56: ((3 4) (4 4))
57: ((2 4) (3 4) (4 4))
---------------------------------------------------------


  1  1  1  1  1
  1  0  0  0  0
  1  1  0  0  1
  1  0  1  1  1
  1  1  1  1  1

The move that will be applied is ((3 0))

  1  1  1  1  1
  1  0  0  0  0
  1  1  0  0  1
  0  0  1  1  1
  1  1  1  1  1

Eliminating now impossible moves from the possbile moves list ...


---------------------------------------------------------
1: ((0 0))
2: ((0 1))
3: ((0 2))
4: ((0 3))
5: ((0 4))
6: ((0 0) (0 1))
7: ((0 1) (0 2))
8: ((0 2) (0 3))
9: ((0 3) (0 4))
10: ((0 0) (0 1) (0 2))
11: ((0 1) (0 2) (0 3))
12: ((0 2) (0 3) (0 4))
13: ((0 0) (0 1) (0 2) (0 3))
14: ((0 1) (0 2) (0 3) (0 4))
15: ((0 0) (0 1) (0 2) (0 3) (0 4))
16: ((1 0))
17: ((2 0))
18: ((2 1))
19: ((2 4))
20: ((2 0) (2 1))
21: ((3 2))
22: ((3 3))
23: ((3 4))
24: ((3 2) (3 3))
25: ((3 3) (3 4))
26: ((3 2) (3 3) (3 4))
27: ((4 0))
28: ((4 1))
29: ((4 2))
30: ((4 3))
31: ((4 4))
32: ((4 0) (4 1))
33: ((4 1) (4 2))
34: ((4 2) (4 3))
35: ((4 3) (4 4))
36: ((4 0) (4 1) (4 2))
37: ((4 1) (4 2) (4 3))
38: ((4 2) (4 3) (4 4))
39: ((4 0) (4 1) (4 2) (4 3))
40: ((4 1) (4 2) (4 3) (4 4))
41: ((4 0) (4 1) (4 2) (4 3) (4 4))
42: ((0 0) (1 0))
43: ((1 0) (2 0))
44: ((0 0) (1 0) (2 0))
45: ((3 2) (4 2))
46: ((3 3) (4 3))
47: ((2 4) (3 4))
48: ((3 4) (4 4))
49: ((2 4) (3 4) (4 4))
---------------------------------------------------------


  1  1  1  1  1
  1  0  0  0  0
  1  1  0  0  1
  0  0  1  1  1
  1  1  1  1  1

The move that will be applied is ((0 3))

  1  1  1  0  1
  1  0  0  0  0
  1  1  0  0  1
  0  0  1  1  1
  1  1  1  1  1

Eliminating now impossible moves from the possbile moves list ...


---------------------------------------------------------
1: ((0 0))
2: ((0 1))
3: ((0 2))
4: ((0 4))
5: ((0 0) (0 1))
6: ((0 1) (0 2))
7: ((0 0) (0 1) (0 2))
8: ((1 0))
9: ((2 0))
10: ((2 1))
11: ((2 4))
12: ((2 0) (2 1))
13: ((3 2))
14: ((3 3))
15: ((3 4))
16: ((3 2) (3 3))
17: ((3 3) (3 4))
18: ((3 2) (3 3) (3 4))
19: ((4 0))
20: ((4 1))
21: ((4 2))
22: ((4 3))
23: ((4 4))
24: ((4 0) (4 1))
25: ((4 1) (4 2))
26: ((4 2) (4 3))
27: ((4 3) (4 4))
28: ((4 0) (4 1) (4 2))
29: ((4 1) (4 2) (4 3))
30: ((4 2) (4 3) (4 4))
31: ((4 0) (4 1) (4 2) (4 3))
32: ((4 1) (4 2) (4 3) (4 4))
33: ((4 0) (4 1) (4 2) (4 3) (4 4))
34: ((0 0) (1 0))
35: ((1 0) (2 0))
36: ((0 0) (1 0) (2 0))
37: ((3 2) (4 2))
38: ((3 3) (4 3))
39: ((2 4) (3 4))
40: ((3 4) (4 4))
41: ((2 4) (3 4) (4 4))
---------------------------------------------------------

dobo-demo-3.3 returned NIL
NIL
[4]> ( bye )
Bye.
