;; Dribble of #<IO TERMINAL-STREAM> started on 2017-05-03 19:08:13.
#<OUTPUT BUFFERED FILE-STREAM CHARACTER #P"task_files/task_10.2_demo.txt">
[2]> ( load "dobo.l" )
;; Loading file dobo.l ...
;;  Loading file lp.l ...
;;  Loaded file lp.l
;; Loaded file dobo.l
T
[3]> ( dobo-demo-10.2 )


initial-individual: 

----------------Individual-------------------
--------Weights--------
  1
  1
  1


  1  1  1
  1  1  1
  1  1  1
  1  1  1
  1  1  1
  1  1  1
  1  1  1
  1  1  1
  1  1  1

--------Biases---------
  0


  0  0  0

cost: 0

---------------------------------------------

mutated-individual: 

----------------Individual-------------------
--------Weights--------
  1
  1
  1


  1  1  1
  1  1  1
  1  1  1
  1  1  1
  1  1  1
  1  1  1
  1  1  1
  1  1  1
  1  1  0.9

--------Biases---------
  0


  0  0  0

cost: 0

---------------------------------------------

mutated-individual: 

----------------Individual-------------------
--------Weights--------
  1
  1
  1


  1  1  1
  1  1  1
  1  1  1
  1  0.9  1
  1  1  1
  1  1  1
  1  1  1
  1  1  1
  1  0.9  1

--------Biases---------
  0


  0  0  0

cost: 0

---------------------------------------------

mutated-individual: 

----------------Individual-------------------
--------Weights--------
  1
  1
  1


  1  1  0.9
  1  1  1
  1  1  1
  1  1  1
  1  1  1
  1  1  1
  1  1  1
  1  1  1
  1  1  1

--------Biases---------
  0


  0  0  0.1

cost: 0

---------------------------------------------

mutated-individual: 

----------------Individual-------------------
--------Weights--------
  1
  1
  1


  1  1  1
  1  1  1
  1  1  1
  1  1  1
  0.9  1  1
  1  1  1
  1  1  1
  1  1  1
  0.9  0.9  1

--------Biases---------
  0


  0  0  0

cost: 0

---------------------------------------------

mutated-individual: 

----------------Individual-------------------
--------Weights--------
  1
  1
  1


  1  1  1
  1  1  1
  1  1  1
  1  1  1
  1  1  1
  1  1  1
  1  1  1
  1  1  1
  1  1  1

--------Biases---------
  0


  0  0  0

cost: 0

---------------------------------------------

initial-individual2: 

----------------Individual-------------------
--------Weights--------
  0.508322
  -0.7161881
  0.378933


  -0.62469804  0.7169419  0.6147121
  0.11141509  -0.9501432  -0.9150246
  0.6364743  0.048848987  0.23449886
  -0.4140672  -0.35851073  -0.048431635
  0.41631  0.44068033  0.47026962
  -0.6609113  -0.010613918  -0.061895072
  0.70837826  -0.2462976  -0.8511203
  -0.021731317  0.41397566  0.06591308
  -0.26837665  -0.63641673  -0.7954716

--------Biases---------
  0


  -0.537416  0.042214096  0.27554995

cost: 0

-------------------------------------------------------------Individual-------------------
--------Weights--------
  0.508322
  -0.7161881
  0.378933


  -0.62469804  0.7169419  0.6147121
  0.11141509  -0.9501432  -0.9150246
  0.6364743  0.048848987  0.23449886
  -0.4140672  -0.35851073  -0.048431635
  0.41631  0.44068033  0.47026962
  -0.6609113  -0.010613918  -0.061895072
  0.70837826  -0.2462976  -0.8511203
  -0.021731317  0.41397566  0.06591308
  -0.26837665  -0.63641673  -0.7954716

--------Biases---------
  0


  -0.537416  0.042214096  0.27554995

cost: 0

---------------------------------------------

crossed-individual: 

----------------Individual-------------------
--------Weights--------
  0.508322
  -0.7161881
  0.378933


  -0.62469804  0.7169419  0.6147121
  0.11141509  -0.9501432  -0.9150246
  0.6364743  0.048848987  0.23449886
  -0.4140672  -0.35851073  -0.048431635
  0.41631  0.44068033  0.47026962
  -0.6609113  -0.010613918  -0.061895072
  0.70837826  -0.2462976  -0.8511203
  -0.021731317  0.41397566  0.06591308
  -0.26837665  -0.63641673  -0.7954716

--------Biases---------
  0


  -0.537416  0.042214096  0.27554995

cost: 0

---------------------------------------------
NIL
[4]> ( bye )
Bye.
