;; Dribble of #<IO TERMINAL-STREAM> started on 2017-05-03 19:43:36.
#<OUTPUT BUFFERED FILE-STREAM CHARACTER #P"task_files/task_10_demo.txt">
[2]> ( load "dobo.l" )
;; Loading file dobo.l ...
;;  Loading file lp.l ...
;;  Loaded file lp.l
;; Loaded file dobo.l
T
[3]> ( dobo-demo-10 )
Initializing a 9-3-1 neural network ...
The neural network: 
--------Weights--------
  1
  1
  1


  1  1  1
  1  1  1
  1  1  1
  1  1  1
  1  1  1
  1  1  1
  1  1  1
  1  1  1
  1  1  1

--------Biases---------
  0


  0  0  0

The list representation of the neural network: 
(1 1 1 1 1 1 1 1 1 1 1 1 1 1 1 1 1 1 1 1 1 1 1 1 1 1 1 1 1 1 0 0 0 0)
maninpulated list: 
(0 1 1 1 1 1 1 1 1 1 1 1 1 1 1 1 1 1 1 1 1 1 1 1 1 1 1 1 1 1 0 0 0 0)
The maninpulated list transformed to the weights of a neural network: 
--------Weights--------
  1
  1
  1


  0  1  1
  1  1  1
  1  1  1
  1  1  1
  1  1  1
  1  1  1
  1  1  1
  1  1  1
  1  1  1

--------Biases---------
  0


  0  0  0



initial-individual: 

----------------Individual-------------------
--------Weights--------
  1
  1
  1


  1  1  1
  1  1  1
  1  1  1
  1  1  1
  1  1  1
  1  1  1
  1  1  1
  1  1  1
  1  1  1

--------Biases---------
  0


  0  0  0

cost: 0

---------------------------------------------

mutated-individual: 

----------------Individual-------------------
--------Weights--------
  1
  1
  1


  1  1  1
  1  1  1
  1  1  1
  1  1  1
  1  1  0.9
  1  1  1
  1  1  1
  1  1  1
  1  1  1

--------Biases---------
  0


  0.1  0  0

cost: 0

---------------------------------------------

mutated-individual: 

----------------Individual-------------------
--------Weights--------
  1
  1
  1


  1  1  1
  1  1  1
  1  1  1
  1  1  1
  0.9  1  1
  1  1  1
  1  1  1
  1  1  1
  1  1  1

--------Biases---------
  0


  0  0  0

cost: 0

---------------------------------------------

mutated-individual: 

----------------Individual-------------------
--------Weights--------
  1
  1
  1


  1  1  1
  1  1  1
  1  1  1
  1  1  1
  1  1  1
  1  1  1
  1  1  1
  0.9  0.9  1
  1  1  1

--------Biases---------
  0


  0  0  0

cost: 0

---------------------------------------------

mutated-individual: 

----------------Individual-------------------
--------Weights--------
  1
  1
  0.9


  0.9  1  1
  1  1  1
  1  1  1
  1  1  1
  1  1  1
  1  1  1
  1  1  1
  1  1  1
  1  1  1

--------Biases---------
  0


  0  0  0

cost: 0

---------------------------------------------

mutated-individual: 

----------------Individual-------------------
--------Weights--------
  1
  1
  1


  1  1  1
  1  1  1
  1  1  1
  1  1  1
  1  1  1
  1  1  1
  1  1  1
  1  1  1
  1  1  1

--------Biases---------
  0


  0  0  0

cost: 0

---------------------------------------------

initial-individual2: 

----------------Individual-------------------
--------Weights--------
  -0.06740898
  -0.99820346
  0.57210344


  -0.03964019  0.91856515  -0.97598666
  -0.08348268  -0.16644078  -0.5739485
  0.72358894  -0.2037028  0.5095162
  0.9499598  -0.42491645  0.51362586
  -0.74897134  -0.5639014  0.1664409
  -0.29982102  -0.9624752  0.74979424
  0.13638896  -0.61445326  -0.7236172
  -0.87925184  -0.0050028563  0.6369105
  0.15019584  0.37040597  0.77588165

--------Biases---------
  0


  0.60211736  -0.13735533  0.19707632

cost: 0

-------------------------------------------------------------Individual-------------------
--------Weights--------
  -0.06740898
  -0.99820346
  0.57210344


  -0.03964019  0.91856515  -0.97598666
  -0.08348268  -0.16644078  -0.5739485
  0.72358894  -0.2037028  0.5095162
  0.9499598  -0.42491645  0.51362586
  -0.74897134  -0.5639014  0.1664409
  -0.29982102  -0.9624752  0.74979424
  0.13638896  -0.61445326  -0.7236172
  -0.87925184  -0.0050028563  0.6369105
  0.15019584  0.37040597  0.77588165

--------Biases---------
  0


  0.60211736  -0.13735533  0.19707632

cost: 0

---------------------------------------------

crossed-individual: 

----------------Individual-------------------
--------Weights--------
  -0.06740898
  -0.99820346
  0.57210344


  -0.03964019  0.91856515  -0.97598666
  -0.08348268  -0.16644078  -0.5739485
  0.72358894  -0.2037028  0.5095162
  0.9499598  -0.42491645  0.51362586
  -0.74897134  -0.5639014  0.1664409
  -0.29982102  -0.9624752  0.74979424
  0.13638896  -0.61445326  -0.7236172
  -0.87925184  -0.0050028563  0.6369105
  0.15019584  0.37040597  0.77588165

--------Biases---------
  0


  0.60211736  -0.13735533  0.19707632

cost: 0

---------------------------------------------Initial population: 
1: 
(0.9090084 -0.5272789 0.8600822 -0.09450191 -0.54662555 -0.51664054 -0.013989866 -0.18203199 0.009707749 -0.5245232 -0.73775697 0.589078
 0.20637494 -0.9380043 0.3680957 0.7530614 -0.8532615 0.8007449 0.07111329 0.018680692 -0.4936822 -0.35980868 -0.37985432 0.22500408 0.17956686
 -0.9780167 -0.12403619 -0.18449563 0.82552516 0.08548266 0.92000735 -0.8462721 -0.472897 0), cost: 0.52088827
2: 
(-0.31108296 -0.33455944 0.6269588 -0.42897052 -0.08001661 -0.85745335 -0.557149 0.47188288 -0.2328369 -0.7222052 0.7583821 0.5529529
 -0.14190328 0.1846233 0.8875548 -0.7291426 0.75880975 -0.41338336 -0.7738395 -0.7898832 -0.051091015 0.616257 0.003374815 0.88583463 0.9999902
 0.6499337 -0.7264271 -0.49856853 0.9291247 -0.84835917 0.36847728 -0.8332667 -0.9016603 0), cost: 0
3: 
(0.7036181 -0.14850849 0.27708417 0.9064242 0.66918075 0.24527776 -0.6897109 -0.80046266 -0.65313417 0.458997 -0.57275116 0.18032223 0.5897286
 0.054091632 0.9718554 -0.9566821 0.10836393 0.6886654 0.16156447 0.08731949 -0.96104413 -0.9752604 0.47725707 -0.6254545 0.05875987
 -0.40883064 -0.13801461 0.28499782 -0.98502547 0.0020797253 0.52189004 0.21197158 -0.98272395 0), cost: 0.5944135
4: 
(0.43283606 0.037425995 -0.39116454 -0.93763953 0.7916219 -0.8507435 -0.45381224 -0.5908679 0.30925453 0.40386224 0.5062122 0.6943636
 -0.82799983 -0.89321524 0.120093286 -0.848039 -0.45136052 -0.3669691 0.41685927 -0.37713945 0.90764076 0.09183967 0.83443356 -0.9675663
 -0.98772603 -0.8135045 0.0049706697 0.48694122 -0.23169893 -0.81789976 -0.65389615 -0.17946082 -0.5613748 0), cost: 0.546069
5: 
(0.86938864 -0.81168157 -0.8490495 -0.63047564 0.37049294 0.62005866 -0.95090353 -0.7116639 -0.40008092 0.4845156 -0.8330639 0.30039477
 0.24709916 -0.23852193 -0.24896157 0.41164124 -0.402407 0.32252306 -0.7559991 0.20135021 -0.7278095 -0.42610037 -0.15063411 0.52140373
 -0.49241197 -0.7409667 0.26922792 0.26659936 0.4770398 0.63223237 -0.10100806 -0.9944235 0.06133592 0), cost: 0
6: 
(0.9932035 0.32178867 0.5508525 -0.94400346 -0.78300047 -0.6628098 -0.6642387 0.39630765 -0.003331244 0.052881062 0.21399224 0.67980206
 0.0086070895 0.8477404 0.7218837 -0.17512125 0.36368877 -0.5881449 -0.5644988 0.5335138 0.8947627 0.94933003 0.3822741 0.8090998 -0.11444998
 0.27605188 0.07349044 0.61656135 -0.05758685 -0.7555191 0.81346947 0.29967797 0.57876265 0), cost: 0.5356914
7: 
(0.06569487 0.4411624 -0.70768964 0.26934195 0.18560308 -0.80136955 -0.11434084 -0.15510154 -0.8051918 -0.12770492 -0.38586158 -0.020623684
 0.6803928 0.99999887 -0.9994837 0.63440603 0.9146404 -0.8603468 -0.7770785 -0.61345005 0.5817798 0.1553241 -0.5251982 -0.58745414 -0.6844046
 -0.2132746 0.66646236 -0.3595854 -0.98479587 0.08842188 -0.76615757 -0.13688868 0.732936 0), cost: 0.6649683
8: 
(-0.4698462 0.800941 0.32911968 0.44191647 -0.25063312 -0.61215115 -0.38522273 -0.41710985 -0.30545902 0.729569 0.5340051 -0.94136506 0.2109794
 0.93559325 0.8067447 0.5216263 0.6521729 0.42744517 0.3208214 0.81436104 -0.7458104 0.024457633 -0.65780246 0.36634046 0.4480865 -0.5813997
 0.27494085 -0.44002533 -0.8079513 -0.3090698 -0.3771494 -0.6789911 -0.77201265 0), cost: 0.6904287
9: 
(-0.10079831 0.3363133 0.77192205 -0.85255706 -0.619653 0.34113616 -0.5541259 0.69214654 0.835101 -0.33343327 -0.39741653 0.15771902
 -0.77217126 0.0236969 0.27778906 0.0849815 0.97925407 -0.044469118 -0.38262916 -0.78535146 0.073161066 0.47672182 0.8437894 -0.30444372
 0.49079967 -0.48920846 0.73480666 -0.9498102 -0.10621601 0.11013687 -0.19755596 0.7103081 0.32000035 0), cost: 0.58946943
10: 
(-0.44538832 -0.46574408 0.025195897 0.22294039 0.99187315 -0.08899689 -0.37192696 -0.6353433 -0.4150738 -0.66355294 -0.67788607 -0.44944686
 -0.77883935 -0.00802803 0.29549795 -0.47273308 -0.5690368 0.84870285 0.6449792 -0.83737284 -0.596449 0.8464454 0.9495022 -0.20962662
 0.38825566 0.16231048 0.7509648 -0.3959849 -0.14799136 0.26109666 0.1549114 0.8651521 0.08946258 0), cost: 0.5317346


 Performing copies from initial population to new population: 

1: 
(-0.31108296 -0.33455944 0.6269588 -0.42897052 -0.08001661 -0.85745335 -0.557149 0.47188288 -0.2328369 -0.7222052 0.7583821 0.5529529
 -0.14190328 0.1846233 0.8875548 -0.7291426 0.75880975 -0.41338336 -0.7738395 -0.7898832 -0.051091015 0.616257 0.003374815 0.88583463 0.9999902
 0.6499337 -0.7264271 -0.49856853 0.9291247 -0.84835917 0.36847728 -0.8332667 -0.9016603 0), cost: 0
2: 
(0.86938864 -0.81168157 -0.8490495 -0.63047564 0.47049293 0.62005866 -0.8509035 -0.7116639 -0.40008092 0.4845156 -0.8330639 0.30039477
 0.24709916 -0.23852193 -0.24896157 0.41164124 -0.402407 0.32252306 -0.65599906 0.20135021 -0.7278095 -0.42610037 -0.15063411 0.52140373
 -0.49241197 -0.7409667 0.26922792 0.26659936 0.4770398 0.63223237 -0.10100806 -0.9944235 0.06133592 0), cost: 0
3: 
(0.9090084 -0.5272789 0.8600822 -0.09450191 -0.54662555 -0.51664054 -0.013989866 -0.18203199 0.009707749 -0.5245232 -0.73775697 0.589078
 0.20637494 -0.9380043 0.3680957 0.7530614 -0.75326145 0.8007449 0.07111329 0.018680692 -0.4936822 -0.35980868 -0.37985432 0.22500408
 0.17956686 -0.9780167 -0.12403619 -0.18449563 0.82552516 -0.014517345 0.92000735 -0.94627213 -0.472897 0), cost: 0


 Performing crossovers from initial population to new population: 

1: 
(-0.31108296 -0.33455944 0.6269588 -0.42897052 -0.08001661 -0.85745335 -0.557149 0.47188288 -0.2328369 -0.7222052 0.7583821 0.5529529
 -0.14190328 0.1846233 0.8875548 -0.7291426 0.75880975 -0.41338336 -0.7738395 -0.7898832 -0.051091015 0.616257 0.003374815 0.88583463 0.9999902
 0.6499337 -0.7264271 -0.49856853 0.9291247 -0.84835917 0.36847728 -0.8332667 -0.9016603 0), cost: 0
2: 
(0.86938864 -0.81168157 -0.8490495 -0.63047564 0.47049293 0.62005866 -0.8509035 -0.7116639 -0.40008092 0.4845156 -0.8330639 0.30039477
 0.24709916 -0.23852193 -0.24896157 0.41164124 -0.402407 0.32252306 -0.65599906 0.20135021 -0.7278095 -0.42610037 -0.15063411 0.52140373
 -0.49241197 -0.7409667 0.26922792 0.26659936 0.4770398 0.63223237 -0.10100806 -0.9944235 0.06133592 0), cost: 0
3: 
(0.9090084 -0.5272789 0.8600822 -0.09450191 -0.54662555 -0.51664054 -0.013989866 -0.18203199 0.009707749 -0.5245232 -0.73775697 0.589078
 0.20637494 -0.9380043 0.3680957 0.7530614 -0.75326145 0.8007449 0.07111329 0.018680692 -0.4936822 -0.35980868 -0.37985432 0.22500408
 0.17956686 -0.9780167 -0.12403619 -0.18449563 0.82552516 -0.014517345 0.92000735 -0.94627213 -0.472897 0), cost: 0
4: 
(-0.31108296 -0.33455944 0.6269588 -0.42897052 0.019983388 -0.85745335 -0.557149 0.47188288 -0.2328369 -0.7222052 0.7583821 0.5529529
 -0.14190328 0.1846233 0.8875548 -0.7291426 0.75880975 -0.41338336 -0.7738395 -0.7898832 -0.051091015 0.616257 0.003374815 0.88583463 1
 0.6499337 -0.7264271 -0.49856853 0.9291247 -0.84835917 0.36847728 -0.8332667 -0.9016603 0), cost: 0
5: 
(-0.31108296 -0.33455944 0.6269588 -0.42897052 -0.08001661 -0.85745335 -0.557149 0.47188288 -0.2328369 -0.7222052 0.7583821 0.5529529
 -0.14190328 0.2846233 0.8875548 -0.7291426 0.75880975 -0.41338336 -0.7738395 -0.7898832 0.048908986 0.616257 0.003374815 0.88583463 0.9999902
 0.6499337 -0.7264271 -0.49856853 0.9291247 -0.84835917 0.36847728 -0.8332667 -0.9016603 0), cost: 0
6: 
(-0.31108296 -0.33455944 0.6269588 -0.42897052 -0.08001661 -0.85745335 -0.557149 0.47188288 -0.2328369 -0.7222052 0.7583821 0.5529529
 -0.14190328 0.1846233 0.8875548 -0.7291426 0.75880975 -0.41338336 -0.7738395 -0.7898832 -0.051091015 0.616257 0.003374815 0.88583463 0.9999902
 0.6499337 -0.7264271 -0.49856853 0.9291247 -0.84835917 0.2684773 -0.8332667 -0.9016603 0), cost: 0
7: 
(-0.31108296 -0.33455944 0.52695876 -0.42897052 -0.08001661 -0.85745335 -0.557149 0.3718829 -0.2328369 -0.7222052 0.7583821 0.5529529
 -0.14190328 0.1846233 0.8875548 -0.7291426 0.75880975 -0.31338337 -0.7738395 -0.7898832 -0.051091015 0.616257 0.003374815 0.88583463 0.9999902
 0.6499337 -0.7264271 -0.49856853 0.9291247 -0.9483592 0.36847728 -0.8332667 -0.9016603 0), cost: 0
8: 
(-0.31108296 -0.33455944 0.6269588 -0.42897052 -0.08001661 -0.85745335 -0.557149 0.47188288 -0.2328369 -0.7222052 0.7583821 0.5529529
 -0.14190328 0.1846233 0.8875548 -0.7291426 0.6588097 -0.41338336 -0.7738395 -0.7898832 -0.051091015 0.616257 0.003374815 0.88583463 0.9999902
 0.6499337 -0.7264271 -0.49856853 0.9291247 -0.84835917 0.36847728 -0.8332667 -0.9016603 0), cost: 0
9: 
(-0.41108295 -0.33455944 0.6269588 -0.42897052 -0.08001661 -0.95745337 -0.557149 0.47188288 -0.2328369 -0.7222052 0.7583821 0.5529529
 -0.14190328 0.1846233 0.8875548 -0.7291426 0.75880975 -0.41338336 -0.7738395 -0.7898832 -0.051091015 0.616257 0.003374815 0.7858346 0.9999902
 0.6499337 -0.7264271 -0.49856853 0.9291247 -0.84835917 0.36847728 -0.8332667 -0.9016603 0), cost: 0
10: 
(-0.31108296 -0.33455944 0.6269588 -0.42897052 -0.08001661 -0.85745335 -0.557149 0.47188288 -0.2328369 -0.6222052 0.7583821 0.5529529
 -0.14190328 0.1846233 0.8875548 -0.7291426 0.75880975 -0.41338336 -0.67383945 -0.7898832 -0.051091015 0.616257 0.003374815 0.88583463
 0.9999902 0.6499337 -0.7264271 -0.49856853 0.9291247 -0.84835917 0.36847728 -0.8332667 -0.9016603 0), cost: 0
Lets train a neural network! 
Neural Netrwork params?(list): ( 9 3 1 )File to write to?(quoted): 
"nn_test.txt"Would you like to seed the population?(y/n): 
n
best individual: 
(0.076921046 -0.9418553 -0.3929835 -0.7925514 0.9838803 0.3385887 0.7118141 0.38700068 0.43688583 -0.9490914 0.57391906 0.11179978 0.7151643
 -0.17508906 0.8937938 -0.38967878 0.35035354 0.28112352 0.31906116 0.038651943 0.04660493 -0.30839956 0.87157184 0.7329061 0.42093343
 0.035243988 0.063081145 0.13301164 -0.3448823 0.4705658 -0.2758441 -0.444795 -0.55040467 0)
cost of best individual: 0
 
average fitness of population 1 = 0.051337413
cost of best individual: 0
 average fitness of population 2 = 0.0
cost of best individual: 0
 average fitness of population 3 = 0.051575184
cost of best individual: 0
 average fitness of population 4 = 0.0
cost of best individual: 0
 average fitness of population 5 = 0.051061504
cost of best individual: 0
 average fitness of population 6 = 0.0
cost of best individual: 0
 average fitness of population 7 = 0.0
cost of best individual: 0
 average fitness of population 8 = 0.0
cost of best individual: 0
 average fitness of population 9 = 0.0
cost of best individual: 0
 average fitness of population 10 = 0.0
cost of best individual: 0
 
1: 
(0.076921046 -0.9418553 -0.3929835 -0.7925514 0.9838803 0.3385887 0.7118141 0.38700068 0.43688583 -0.9490914 0.57391906 0.11179978 0.7151643
 -0.17508906 0.8937938 -0.38967878 0.35035354 0.28112352 0.31906116 0.038651943 0.04660493 -0.30839956 0.87157184 0.7329061 0.42093343
 0.035243988 0.063081145 0.13301164 -0.3448823 0.4705658 -0.2758441 -0.444795 -0.55040467 0), cost: 0
2: 
(0.6968651 0.33400822 0.76023763 -0.8251488 -0.3541224 0.2172736 -0.5600674 0.86095846 -0.6585751 0.5195069 0.21108595 0.05336529 0.18687338
 0.5951243 0.49318737 -0.15701956 0.58404213 0.621882 0.9101759 0.20826668 0.20447895 0.038342834 -0.47041628 -0.4954786 -0.546627 -0.42414922
 -0.7409509 0.08354926 1 0.46198216 0.5255364 -0.9782119 -0.189155 0), cost: 0
3: 
(0.7435865 -0.48781428 0.45984733 0.62038994 0.24883264 -0.7617391 0.50157654 0.41340753 -0.67930806 -0.35743445 0.6602019 0.97752833 0.6765075
 0.14640018 -0.49411666 0.60493636 0.0013031363 -0.113744915 -0.44167572 -0.66769326 -0.78872746 0.122676454 -0.6768084 -0.8565977 -0.44206512
 0.28311712 -0.46749586 0.8078672 0.09819931 -0.87616485 0.7338052 -0.7321577 -0.84518254 0), cost: 0
4: 
(0.076921046 -0.9418553 -0.3929835 -0.7925514 0.9838803 0.3385887 0.7118141 0.38700068 0.43688583 -0.9490914 0.57391906 0.11179978 0.7151643
 -0.17508906 0.8937938 -0.28967878 0.35035354 0.28112352 0.31906116 0.038651943 0.04660493 -0.30839956 0.87157184 0.7329061 0.42093343
 0.035243988 0.063081145 0.13301164 -0.3448823 0.4705658 -0.2758441 -0.444795 -0.55040467 0), cost: 0
5: 
(0.076921046 -0.9418553 -0.3929835 -0.7925514 0.9838803 0.3385887 0.7118141 0.38700068 0.43688583 -0.9490914 0.6739191 0.11179978 0.7151643
 -0.17508906 0.8937938 -0.38967878 0.35035354 0.28112352 0.31906116 0.038651943 0.14660493 -0.30839956 0.87157184 0.7329061 0.42093343
 0.035243988 0.063081145 0.13301164 -0.3448823 0.4705658 -0.2758441 -0.444795 -0.55040467 0), cost: 0
6: 
(0.076921046 -0.9418553 -0.3929835 -0.7925514 0.9838803 0.3385887 0.8118141 0.38700068 0.43688583 -0.9490914 0.57391906 0.11179978 0.7151643
 -0.17508906 0.8937938 -0.38967878 0.25035354 0.28112352 0.31906116 0.038651943 0.04660493 -0.30839956 0.87157184 0.7329061 0.42093343
 0.035243988 0.063081145 0.13301164 -0.3448823 0.4705658 -0.2758441 -0.444795 -0.55040467 0), cost: 0
7: 
(0.076921046 -0.8418553 -0.3929835 -0.7925514 0.9838803 0.3385887 0.7118141 0.38700068 0.43688583 -0.9490914 0.57391906 0.11179978 0.7151643
 -0.17508906 0.8937938 -0.38967878 0.35035354 0.28112352 0.31906116 0.038651943 0.04660493 -0.30839956 0.87157184 0.7329061 0.42093343
 0.035243988 0.063081145 0.13301164 -0.3448823 0.4705658 -0.2758441 -0.444795 -0.55040467 0), cost: 0
8: 
(0.076921046 -0.9418553 -0.3929835 -0.7925514 0.9838803 0.3385887 0.7118141 0.38700068 0.43688583 -0.9490914 0.57391906 0.11179978 0.7151643
 -0.17508906 0.8937938 -0.38967878 0.35035354 0.28112352 0.31906116 0.038651943 0.04660493 -0.30839956 0.87157184 0.6329061 0.42093343
 0.035243988 0.063081145 0.13301164 -0.3448823 0.4705658 -0.2758441 -0.444795 -0.55040467 0), cost: 0
9: 
(0.076921046 -0.9418553 -0.3929835 -0.7925514 0.9838803 0.3385887 0.7118141 0.38700068 0.43688583 -0.9490914 0.57391906 0.11179978 0.7151643
 -0.17508906 0.8937938 -0.38967878 0.35035354 0.28112352 0.31906116 0.038651943 0.04660493 -0.30839956 0.87157184 0.7329061 0.42093343
 0.13524398 0.063081145 0.13301164 -0.3448823 0.4705658 -0.2758441 -0.444795 -0.55040467 0), cost: 0
10: 
(0.076921046 -0.9418553 -0.3929835 -0.7925514 0.9838803 0.3385887 0.7118141 0.38700068 0.43688583 -0.9490914 0.57391906 0.11179978 0.7151643
 -0.17508906 0.8937938 -0.38967878 0.35035354 0.28112352 0.31906116 0.038651943 -0.05339507 -0.20839956 0.87157184 0.7329061 0.42093343
 0.035243988 0.063081145 0.13301164 -0.3448823 0.4705658 -0.2758441 -0.444795 -0.55040467 0), cost: 0
average fitness of population 10 = 0.0

best individual: 
(0.076921046 -0.9418553 -0.3929835 -0.7925514 0.9838803 0.3385887 0.7118141 0.38700068 0.43688583 -0.9490914 0.57391906 0.11179978 0.7151643
 -0.17508906 0.8937938 -0.38967878 0.35035354 0.28112352 0.31906116 0.038651943 0.04660493 -0.30839956 0.87157184 0.7329061 0.42093343
 0.035243988 0.063081145 0.13301164 -0.3448823 0.4705658 -0.2758441 -0.444795 -0.55040467 0)
cost of best individual: 0
 Now lets test it! 

  1  1  0
  1  0  1
  0  1  1

output: 1
actual: 1.0
cost : 0.0


  0  1  0
  1  1  1
  0  1  0

output: 1
actual: 0.0
cost : 1.0


  1  1  0
  1  0  1
  0  1  0

output: 1
actual: 0.0
cost : 1.0


  0  1  1
  1  0  1
  1  0  0

output: 1
actual: 0.0
cost : 1.0


  1  0  0
  0  1  0
  1  1  1

output: 1
actual: 0.0
cost : 1.0


  0  1  0
  1  0  1
  1  0  1

output: 1
actual: 0.0
cost : 1.0


  0  1  1
  1  0  1
  0  0  1

output: 1
actual: 0.0
cost : 1.0


  0  1  0
  0  1  1
  1  0  1

output: 1
actual: 0.0
cost : 1.0


  0  1  1
  0  1  0
  1  0  1

output: 1
actual: 0.0
cost : 1.0


  0  1  1
  1  0  1
  0  1  1

output: 1
actual: 1.0
cost : 0.0


  0  1  1
  1  0  1
  0  0  0

output: 1
actual: 0.0
cost : 1.0


  0  0  1
  1  1  1
  0  1  0

output: 1
actual: 0.0
cost : 1.0


  0  0  1
  1  1  1
  1  0  0

output: 1
actual: 0.0
cost : 1.0


  1  1  1
  0  1  1
  1  0  0

output: 1
actual: 1.0
cost : 0.0


  1  0  1
  0  1  1
  1  0  0

output: 1
actual: 0.0
cost : 1.0


  0  0  1
  0  1  1
  1  0  0

output: 1
actual: 0.0
cost : 1.0


  1  0  0
  1  1  0
  0  1  1

output: 1
actual: 0.0
cost : 1.0


  0  1  0
  1  0  1
  1  0  0

output: 1
actual: 0.0
cost : 1.0


  1  1  0
  0  1  1
  1  1  1

output: 1
actual: 0.0
cost : 1.0


  1  1  0
  0  0  1
  0  0  0

output: 1
actual: 0.0
cost : 1.0


  1  0  1
  1  1  1
  1  0  1

output: 1
actual: 0.0
cost : 1.0


  1  0  1
  0  1  1
  0  0  0

output: 1
actual: 0.0
cost : 1.0


  0  1  0
  1  1  0
  1  0  0

output: 1
actual: 1.0
cost : 0.0


  1  1  0
  1  1  1
  1  0  1

output: 1
actual: 0.0
cost : 1.0


  1  1  0
  0  1  1
  1  0  1

output: 1
actual: 1.0
cost : 0.0


  1  1  0
  0  1  1
  1  0  0

output: 1
actual: 0.0
cost : 1.0


  0  1  1
  1  0  0
  1  1  0

output: 1
actual: 0.0
cost : 1.0


  1  1  1
  1  1  0
  0  1  0

output: 1
actual: 0.0
cost : 1.0


  0  1  1
  1  1  0
  0  1  0

output: 1
actual: 1.0
cost : 0.0


  0  1  1
  1  0  0
  0  1  0

output: 1
actual: 0.0
cost : 1.0


  1  0  1
  1  1  1
  0  0  1

output: 1
actual: 1.0
cost : 0.0


  0  0  0
  1  1  0
  0  0  1

output: 1
actual: 0.0
cost : 1.0


  0  1  1
  0  1  1
  1  0  0

output: 1
actual: 0.0
cost : 1.0


  1  1  0
  0  1  0
  1  1  0

output: 1
actual: 0.0
cost : 1.0


  1  0  1
  1  1  0
  1  1  0

output: 1
actual: 1.0
cost : 0.0


  1  0  1
  0  1  0
  1  0  0

output: 1
actual: 0.0
cost : 1.0


  0  1  1
  0  0  0
  1  1  0

output: 1
actual: 1.0
cost : 0.0


  0  1  1
  1  1  1
  1  0  0

output: 1
actual: 0.0
cost : 1.0


  0  1  1
  1  0  0
  1  0  0

output: 1
actual: 1.0
cost : 0.0


  1  1  1
  0  0  1
  0  1  0

output: 1
actual: 0.0
cost : 1.0


  0  1  1
  1  1  1
  0  0  0

output: 1
actual: 0.0
cost : 1.0


  0  1  0
  0  1  0
  1  0  1

output: 1
actual: 0.0
cost : 1.0


  0  0  0
  0  1  0
  1  0  1

output: 1
actual: 1.0
cost : 0.0


  1  1  1
  0  1  0
  0  1  1

output: 1
actual: 0.0
cost : 1.0


  1  1  1
  1  0  0
  0  0  1

output: 1
actual: 0.0
cost : 1.0


  0  0  0
  1  1  1
  1  0  0

output: 1
actual: 0.0
cost : 1.0


  1  0  0
  1  1  0
  1  0  1

output: 1
actual: 0.0
cost : 1.0


  1  1  1
  1  1  0
  0  0  0

output: 1
actual: 0.0
cost : 1.0


  0  1  1
  1  1  0
  0  0  0

output: 1
actual: 1.0
cost : 0.0


  0  1  0
  0  1  0
  1  1  1

output: 1
actual: 0.0
cost : 1.0


  1  1  1
  0  0  1
  1  1  0

output: 1
actual: 0.0
cost : 1.0


  1  0  0
  0  0  1
  1  1  0

output: 1
actual: 0.0
cost : 1.0


  1  1  1
  1  1  1
  0  1  0

output: 1
actual: 0.0
cost : 1.0


  0  1  1
  1  1  1
  0  1  0

output: 1
actual: 1.0
cost : 0.0


  0  1  0
  1  1  0
  0  1  0

output: 1
actual: 0.0
cost : 1.0


  1  0  1
  0  0  0
  1  0  1

output: 1
actual: 0.0
cost : 1.0


  1  0  1
  1  0  1
  1  1  0

output: 1
actual: 0.0
cost : 1.0


  1  0  1
  0  0  1
  1  1  0

output: 1
actual: 0.0
cost : 1.0


  1  0  1
  0  0  1
  0  1  0

output: 1
actual: 0.0
cost : 1.0


  0  0  0
  0  0  1
  1  0  1

output: 1
actual: 0.0
cost : 1.0


  1  1  1
  0  0  0
  0  1  1

output: 1
actual: 0.0
cost : 1.0


  0  1  1
  0  1  0
  1  0  0

output: 1
actual: 0.0
cost : 1.0


  0  0  1
  0  1  0
  1  0  0

output: 1
actual: 1.0
cost : 0.0


  0  1  1
  1  0  1
  1  1  1

output: 1
actual: 0.0
cost : 1.0


  0  1  0
  1  0  0
  1  1  0

output: 1
actual: 0.0
cost : 1.0


  0  1  0
  1  0  0
  0  1  0

output: 1
actual: 1.0
cost : 0.0


  1  1  1
  0  0  1
  0  0  0

output: 1
actual: 0.0
cost : 1.0


  1  1  1
  1  0  1
  1  0  0

output: 1
actual: 0.0
cost : 1.0


  0  1  1
  0  0  1
  1  0  0

output: 1
actual: 0.0
cost : 1.0


  0  0  1
  0  0  1
  1  0  0

output: 1
actual: 0.0
cost : 1.0


  1  1  1
  0  1  0
  0  0  0

output: 1
actual: 0.0
cost : 1.0


  1  0  0
  0  1  1
  0  1  0

output: 1
actual: 0.0
cost : 1.0


  1  0  0
  0  0  1
  0  1  0

output: 0
actual: 1.0
cost : 1.0


  0  1  1
  0  0  0
  1  0  1

output: 1
actual: 0.0
cost : 1.0


  1  0  1
  0  0  1
  1  0  0

output: 1
actual: 0.0
cost : 1.0


  1  1  0
  0  0  0
  1  1  0

output: 1
actual: 1.0
cost : 0.0


  1  1  0
  1  0  0
  1  1  0

output: 1
actual: 0.0
cost : 1.0


  1  1  0
  0  0  0
  1  0  0

output: 1
actual: 0.0
cost : 1.0


  0  1  1
  1  1  0
  1  1  0

output: 1
actual: 0.0
cost : 1.0


  0  0  0
  1  1  0
  1  0  0

output: 1
actual: 0.0
cost : 1.0


  1  1  0
  1  1  0
  1  0  0

output: 1
actual: 0.0
cost : 1.0


  1  1  0
  1  0  0
  0  0  0

output: 1
actual: 0.0
cost : 1.0


  1  1  1
  1  1  0
  1  0  0

output: 1
actual: 1.0
cost : 0.0


  1  0  1
  1  0  0
  1  0  0

output: 1
actual: 0.0
cost : 1.0


  1  0  1
  0  0  0
  1  0  0

output: 1
actual: 1.0
cost : 0.0


  1  0  0
  0  1  0
  0  1  0

output: 1
actual: 0.0
cost : 1.0


  1  1  1
  1  1  0
  1  0  1

output: 1
actual: 1.0
cost : 0.0


  0  1  1
  0  1  0
  0  0  1

output: 1
actual: 0.0
cost : 1.0


  0  1  1
  0  1  0
  0  0  0

output: 1
actual: 0.0
cost : 1.0


  0  0  1
  0  1  0
  0  0  0

output: 1
actual: 0.0
cost : 1.0


  1  1  1
  1  0  1
  1  1  1

output: 1
actual: 1.0
cost : 0.0


  1  1  1
  1  0  0
  1  1  0

output: 1
actual: 0.0
cost : 1.0


  0  1  1
  0  0  0
  0  1  0

output: 1
actual: 0.0
cost : 1.0


  0  1  1
  0  1  1
  0  0  0

output: 1
actual: 1.0
cost : 0.0


  0  1  0
  0  1  1
  0  0  0

output: 1
actual: 0.0
cost : 1.0


  0  1  0
  0  1  0
  0  0  0

output: 1
actual: 0.0
cost : 1.0


  0  0  0
  0  1  0
  0  0  0

output: 1
actual: 1.0
cost : 0.0


  1  0  0
  1  0  0
  1  1  0

output: 1
actual: 0.0
cost : 1.0


  1  0  0
  1  0  0
  0  1  0

output: 1
actual: 0.0
cost : 1.0


  0  0  0
  1  0  0
  0  1  0

output: 1
actual: 0.0
cost : 1.0


  1  1  1
  0  0  0
  1  0  0

output: 1
actual: 0.0
cost : 1.0


  1  1  1
  1  1  0
  1  1  1

output: 1
actual: 1.0
cost : 0.0


  1  1  1
  1  0  0
  1  0  1

output: 1
actual: 1.0
cost : 0.0


  1  1  0
  1  0  0
  1  0  1

output: 1
actual: 1.0
cost : 0.0


  0  1  0
  0  0  0
  0  0  1

output: 1
actual: 0.0
cost : 1.0


  0  1  1
  0  1  0
  1  1  0

output: 1
actual: 0.0
cost : 1.0


  0  0  1
  0  0  0
  1  1  0

output: 1
actual: 0.0
cost : 1.0


  0  0  1
  0  0  0
  1  0  0

output: 1
actual: 0.0
cost : 1.0


  0  1  0
  0  1  0
  1  1  0

output: 1
actual: 0.0
cost : 1.0


  0  1  0
  0  1  0
  0  1  0

output: 1
actual: 0.0
cost : 1.0


  1  1  1
  1  1  1
  1  1  0

output: 1
actual: 1.0
cost : 0.0


  0  1  1
  1  1  1
  1  1  0

output: 1
actual: 0.0
cost : 1.0


  0  0  1
  1  0  1
  1  0  0

output: 1
actual: 1.0
cost : 0.0


  0  0  1
  1  0  1
  0  0  0

output: 1
actual: 0.0
cost : 1.0


  0  0  0
  1  0  1
  0  0  0

output: 1
actual: 0.0
cost : 1.0


  1  1  1
  1  1  1
  1  0  0

output: 1
actual: 0.0
cost : 1.0


  1  1  0
  1  1  1
  1  0  0

output: 1
actual: 0.0
cost : 1.0


  1  0  0
  1  0  1
  1  0  0

output: 1
actual: 0.0
cost : 1.0


  1  0  0
  0  0  1
  1  0  0

output: 1
actual: 1.0
cost : 0.0


  1  0  0
  0  0  1
  0  0  0

output: 1
actual: 0.0
cost : 1.0


  1  1  1
  1  0  1
  1  0  1

output: 1
actual: 0.0
cost : 1.0


  1  0  0
  1  0  1
  1  0  1

output: 1
actual: 0.0
cost : 1.0


  1  0  0
  1  0  0
  1  0  0

output: 1
actual: 0.0
cost : 1.0


  1  0  1
  1  0  1
  1  0  1

output: 1
actual: 1.0
cost : 0.0


  1  0  1
  0  0  1
  1  0  1

output: 1
actual: 0.0
cost : 1.0


  1  0  0
  0  0  0
  1  0  0

output: 1
actual: 0.0
cost : 1.0


  1  1  1
  1  1  0
  1  1  0

output: 1
actual: 0.0
cost : 1.0


  1  1  1
  1  0  0
  1  0  0

output: 1
actual: 0.0
cost : 1.0


  0  1  1
  0  0  0
  0  0  0

output: 1
actual: 0.0
cost : 1.0


  0  0  1
  0  0  0
  0  0  0

output: 1
actual: 1.0
cost : 0.0


  1  1  0
  1  1  0
  1  1  0

output: 1
actual: 0.0
cost : 1.0


  0  1  0
  1  1  0
  1  1  0

output: 1
actual: 0.0
cost : 1.0


  0  0  0
  1  0  0
  1  0  0

output: 1
actual: 0.0
cost : 1.0


  0  0  0
  1  0  0
  0  0  0

output: 1
actual: 1.0
cost : 0.0


  0  0  0
  0  0  0
  0  0  0

output: 1
actual: 0.0
cost : 1.0

Bad entries: 104.0
retention rate: 0.22962964%
NIL
[4]> ( bye )
Bye.
