;; Dribble of #<IO TERMINAL-STREAM> started on 2017-05-03 19:13:57.
#<OUTPUT BUFFERED FILE-STREAM CHARACTER #P"task_files/task_10.3_demo.txt">
[2]> ( load "dobo.l" )
;; Loading file dobo.l ...
;;  Loading file lp.l ...
;;  Loaded file lp.l
;; Loaded file dobo.l
T
[3]> ( dobo-demo-10.3 )
Initial population: 
1: 
(-0.65313417 0.458997 -0.57275116 0.18032223 0.5897286 0.054091632 0.9718554 -0.9566821 0.10836393 0.6886654 0.16156447 0.08731949 -0.96104413 -0.9752604 0.47725707
 -0.6254545 0.05875987 -0.40883064 -0.13801461 0.28499782 -0.98502547 0.0020797253 0.52189004 0.21197158 -0.98272395 -0.31108296 -0.33455944 0.6269588 -0.42897052
 -0.08001661 -0.85745335 -0.557149 0.47188288 0), cost: 0.5689198
2: 
(0.30925453 0.40386224 0.5062122 0.6943636 -0.82799983 -0.89321524 0.120093286 -0.848039 -0.45136052 -0.3669691 0.41685927 -0.37713945 0.90764076 0.09183967 0.83443356
 -0.9675663 -0.98772603 -0.8135045 0.0049706697 0.48694122 -0.23169893 -0.81789976 -0.65389615 -0.17946082 -0.5613748 0.7036181 -0.14850849 0.27708417 0.9064242 0.66918075
 0.24527776 -0.6897109 -0.80046266 0), cost: 0
3: 
(-0.40008092 0.4845156 -0.8330639 0.30039477 0.24709916 -0.23852193 -0.24896157 0.41164124 -0.402407 0.32252306 -0.7559991 0.20135021 -0.7278095 -0.42610037 -0.15063411
 0.52140373 -0.49241197 -0.7409667 0.26922792 0.26659936 0.4770398 0.63223237 -0.10100806 -0.9944235 0.06133592 0.43283606 0.037425995 -0.39116454 -0.93763953 0.7916219
 -0.8507435 -0.45381224 -0.5908679 0), cost: 0.6325394
4: 
(-0.003331244 0.052881062 0.21399224 0.67980206 0.0086070895 0.8477404 0.7218837 -0.17512125 0.36368877 -0.5881449 -0.5644988 0.5335138 0.8947627 0.94933003 0.3822741
 0.8090998 -0.11444998 0.27605188 0.07349044 0.61656135 -0.05758685 -0.7555191 0.81346947 0.29967797 0.57876265 0.86938864 -0.81168157 -0.8490495 -0.63047564 0.37049294
 0.62005866 -0.95090353 -0.7116639 0), cost: 0.6820068
5: 
(-0.8051918 -0.12770492 -0.38586158 -0.020623684 0.6803928 0.99999887 -0.9994837 0.63440603 0.9146404 -0.8603468 -0.7770785 -0.61345005 0.5817798 0.1553241 -0.5251982
 -0.58745414 -0.6844046 -0.2132746 0.66646236 -0.3595854 -0.98479587 0.08842188 -0.76615757 -0.13688868 0.732936 0.9932035 0.32178867 0.5508525 -0.94400346 -0.78300047
 -0.6628098 -0.6642387 0.39630765 0), cost: 0.64531755
6: 
(-0.30545902 0.729569 0.5340051 -0.94136506 0.2109794 0.93559325 0.8067447 0.5216263 0.6521729 0.42744517 0.3208214 0.81436104 -0.7458104 0.024457633 -0.65780246 0.36634046
 0.4480865 -0.5813997 0.27494085 -0.44002533 -0.8079513 -0.3090698 -0.3771494 -0.6789911 -0.77201265 0.06569487 0.4411624 -0.70768964 0.26934195 0.18560308 -0.80136955
 -0.11434084 -0.15510154 0), cost: 0
7: 
(0.835101 -0.33343327 -0.39741653 0.15771902 -0.77217126 0.0236969 0.27778906 0.0849815 0.97925407 -0.044469118 -0.38262916 -0.78535146 0.073161066 0.47672182 0.8437894
 -0.30444372 0.49079967 -0.48920846 0.73480666 -0.9498102 -0.10621601 0.11013687 -0.19755596 0.7103081 0.32000035 -0.4698462 0.800941 0.32911968 0.44191647 -0.25063312
 -0.61215115 -0.38522273 -0.41710985 0), cost: 0
8: 
(0.04861188 0.38394654 0.48589373 -0.45486343 -0.2565385 -0.24618423 0.777919 0.63818157 0.5757462 -0.112929046 -0.9472175 -0.15064096 -0.0011460781 0.50934964 0.9584722
 -0.49778628 -0.43590945 0.7034232 -0.8778861 0.05140531 0.4174801 0.21229047 -0.088977635 -0.7986494 -0.10386759 -0.10079831 0.3363133 0.77192205 -0.85255706 -0.619653
 0.34113616 -0.5541259 0.69214654 0), cost: 0.56907016
9: 
(0.47026962 -0.6609113 -0.010613918 -0.061895072 0.70837826 -0.2462976 -0.8511203 -0.021731317 0.41397566 0.06591308 -0.26837665 -0.63641673 -0.7954716 0.508322 -0.7161881
 0.378933 -0.537416 0.042214096 0.27554995 0.9466519 0.35222095 -0.7227212 -0.6479728 0.34703314 -0.6681549 -0.26416636 -0.94831777 -0.6056952 -0.6343344 0.5818953
 0.57112944 0.84862614 0.7513683 0), cost: 0.5765625
10: 
(-0.63919014 0.0503695 0.27266276 -0.99989855 -0.41969734 -0.17042053 0.5868892 0.93735784 -0.18858701 -0.4004568 -0.70664847 0.89207983 -0.6623616 -0.88309693
 -0.0029082298 -0.88981706 0.7700064 0.93380886 0.7075755 -0.7366566 0.8563195 -0.72450346 0.9745903 -0.22571397 0.82044953 0.36637115 -0.7475948 -0.0408293 0.0747118
 -0.35930693 -0.058995605 0.5624054 0.20777607 0), cost: 0.5532305


 Performing copies from initial population to new population: 

1: 
(0.30925453 0.40386224 0.5062122 0.6943636 -0.82799983 -0.89321524 0.120093286 -0.848039 -0.45136052 -0.3669691 0.41685927 -0.37713945 0.90764076 0.09183967 0.83443356
 -0.9675663 -0.98772603 -0.8135045 0.0049706697 0.48694122 -0.23169893 -0.81789976 -0.65389615 -0.17946082 -0.5613748 0.7036181 -0.14850849 0.27708417 0.9064242 0.66918075
 0.24527776 -0.6897109 -0.80046266 0), cost: 0
2: 
(-0.30545902 0.729569 0.5340051 -1 0.2109794 0.93559325 0.7067447 0.5216263 0.6521729 0.42744517 0.3208214 0.81436104 -0.7458104 0.024457633 -0.65780246 0.36634046
 0.4480865 -0.5813997 0.27494085 -0.44002533 -0.8079513 -0.3090698 -0.3771494 -0.6789911 -0.77201265 0.06569487 0.4411624 -0.70768964 0.26934195 0.18560308 -0.80136955
 -0.21434084 -0.15510154 0), cost: 0
3: 
(0.735101 -0.33343327 -0.49741653 0.15771902 -0.77217126 0.0236969 0.27778906 0.0849815 0.97925407 -0.044469118 -0.38262916 -0.78535146 0.073161066 0.47672182 0.8437894
 -0.30444372 0.49079967 -0.48920846 0.73480666 -0.9498102 -0.10621601 0.11013687 -0.19755596 0.7103081 0.32000035 -0.4698462 0.800941 0.32911968 0.44191647 -0.25063312
 -0.5121511 -0.38522273 -0.41710985 0), cost: 0


 Performing crossovers from initial population to new population: 

1: 
(0.30925453 0.40386224 0.5062122 0.6943636 -0.82799983 -0.89321524 0.120093286 -0.848039 -0.45136052 -0.3669691 0.41685927 -0.37713945 0.90764076 0.09183967 0.83443356
 -0.9675663 -0.98772603 -0.8135045 0.0049706697 0.48694122 -0.23169893 -0.81789976 -0.65389615 -0.17946082 -0.5613748 0.7036181 -0.14850849 0.27708417 0.9064242 0.66918075
 0.24527776 -0.6897109 -0.80046266 0), cost: 0
2: 
(-0.30545902 0.729569 0.5340051 -1 0.2109794 0.93559325 0.7067447 0.5216263 0.6521729 0.42744517 0.3208214 0.81436104 -0.7458104 0.024457633 -0.65780246 0.36634046
 0.4480865 -0.5813997 0.27494085 -0.44002533 -0.8079513 -0.3090698 -0.3771494 -0.6789911 -0.77201265 0.06569487 0.4411624 -0.70768964 0.26934195 0.18560308 -0.80136955
 -0.21434084 -0.15510154 0), cost: 0
3: 
(0.735101 -0.33343327 -0.49741653 0.15771902 -0.77217126 0.0236969 0.27778906 0.0849815 0.97925407 -0.044469118 -0.38262916 -0.78535146 0.073161066 0.47672182 0.8437894
 -0.30444372 0.49079967 -0.48920846 0.73480666 -0.9498102 -0.10621601 0.11013687 -0.19755596 0.7103081 0.32000035 -0.4698462 0.800941 0.32911968 0.44191647 -0.25063312
 -0.5121511 -0.38522273 -0.41710985 0), cost: 0
4: 
(0.30925453 0.30386224 0.5062122 0.7943636 -0.82799983 -0.89321524 0.120093286 -0.848039 -0.45136052 -0.3669691 0.41685927 -0.37713945 0.90764076 0.09183967 0.83443356
 -0.9675663 -0.98772603 -0.8135045 0.0049706697 0.48694122 -0.23169893 -0.81789976 -0.65389615 -0.27946082 -0.5613748 0.7036181 -0.14850849 0.27708417 0.9064242 0.66918075
 0.24527776 -0.6897109 -0.80046266 0), cost: 0
5: 
(0.30925453 0.40386224 0.40621218 0.6943636 -0.82799983 -0.89321524 0.120093286 -0.848039 -0.45136052 -0.3669691 0.41685927 -0.37713945 0.90764076 0.09183967 0.83443356
 -0.9675663 -0.98772603 -0.8135045 0.0049706697 0.58694124 -0.23169893 -0.71789974 -0.65389615 -0.17946082 -0.5613748 0.7036181 -0.14850849 0.27708417 0.9064242 0.66918075
 0.24527776 -0.6897109 -0.80046266 0), cost: 0
6: 
(0.30925453 0.40386224 0.5062122 0.6943636 -0.82799983 -0.89321524 0.120093286 -0.848039 -0.45136052 -0.3669691 0.41685927 -0.37713945 0.90764076 0.09183967 0.83443356
 -0.9675663 -0.98772603 -0.8135045 0.0049706697 0.48694122 -0.33169892 -0.81789976 -0.65389615 -0.17946082 -0.5613748 0.7036181 -0.14850849 0.27708417 0.9064242 0.66918075
 0.14527777 -0.6897109 -0.80046266 0), cost: 0
7: 
(0.30925453 0.30386224 0.5062122 0.6943636 -0.82799983 -0.89321524 0.120093286 -0.848039 -0.45136052 -0.3669691 0.5168593 -0.37713945 0.90764076 0.09183967 0.83443356
 -0.9675663 -0.98772603 -0.91350454 0.0049706697 0.48694122 -0.23169893 -0.81789976 -0.65389615 -0.17946082 -0.5613748 0.7036181 -0.14850849 0.27708417 0.9064242 0.66918075
 0.24527776 -0.6897109 -0.80046266 0), cost: 0
8: 
(0.30925453 0.40386224 0.5062122 0.6943636 -0.82799983 -0.89321524 0.120093286 -0.74803895 -0.45136052 -0.3669691 0.6168593 -0.37713945 0.90764076 0.09183967 0.83443356
 -0.9675663 -0.98772603 -0.8135045 0.0049706697 0.48694122 -0.23169893 -0.81789976 -0.65389615 -0.17946082 -0.5613748 0.7036181 -0.14850849 0.27708417 0.9064242 0.66918075
 0.24527776 -0.6897109 -0.80046266 0), cost: 0
9: 
(0.30925453 0.40386224 0.5062122 0.7943636 -0.82799983 -0.89321524 0.120093286 -0.848039 -0.45136052 -0.3669691 0.41685927 -0.37713945 0.90764076 0.09183967 0.73443353
 -0.9675663 -1 -0.8135045 0.0049706697 0.48694122 -0.23169893 -0.81789976 -0.65389615 -0.17946082 -0.5613748 0.7036181 -0.14850849 0.37708417 0.9064242 0.66918075
 0.24527776 -0.6897109 -0.80046266 0), cost: 0
10: 
(0.30925453 0.40386224 0.40621218 0.6943636 -0.82799983 -0.89321524 0.120093286 -0.848039 -0.45136052 -0.3669691 0.41685927 -0.37713945 0.90764076 0.09183967 0.83443356
 -0.9675663 -0.98772603 -0.8135045 0.0049706697 0.38694122 -0.23169893 -0.81789976 -0.65389615 -0.17946082 -0.5613748 0.6036181 -0.14850849 0.27708417 0.9064242 0.66918075
 0.24527776 -0.6897109 -0.80046266 0), cost: 0
NIL
[4]> ( bye )
Bye.
