;; Dribble of #<IO TERMINAL-STREAM> started on 2016-11-06 13:43:54.
#<OUTPUT BUFFERED FILE-STREAM CHARACTER #P"roll_for_sum_demo.txt">
[2]> ( load "die.l" )
;; Loading file die.l ...
;;  Loading file accumulator.l ...
;;  Loaded file accumulator.l
;; Loaded file die.l
T
[3]> ( setf d1 ( make-instance 'die ) )
#<DIE #x0003342D8E20>
[4]> ( setf d2 ( make-instance 'die ) )
#<DIE #x0003342DA0F8>
[5]> ( roll-for-sum d1 d2 1 )
[6]> ( die-face-history d1 )
(1 3 5 1 3 2 4 5 3 5 4 5 6 4 3 1 5 2 6 6 5 1 3 5 5 3 5 1 4 6 3 5 5 2 1 2 5 6 6 1 4 4 3 3 6 6 3 6 3 4 6 1 2 4 5 3 5 3 5 5 6 3 2 6 2 1 2 2
 5 5 6 4 6 2 3 5 1 6 4 4 6 3 4 4 2 2 1 6 1 3 6 1 5 6 5 4 4 3 5 5 3 4 5 3 4 3 3 1 4 4 2 4 3 6 4 1 5 3 2 2 1 2 5 4 3 2 4 4 5 4 4 3 4 1 3 4
 4 1 1 4 5 5 5 4 6 3 4 6 3 5 6 3 1 3 6 4 4 5 5 4 4 1 4 6 5 3 3 2 1 6 1 2 3 2 3 5 2 5 3 3 4 1 2 1 3 4 6 4 6 3 4 6 1 2 5 2 6 5 1 2 3 2 5 6
 5 5 4 1 5 4 4 4 2 3 4 4 4 3 3 4 4 4 5 2 3 2 3 5 1 1 2 6 6 5 4 4 3 6 6 6 6 2 1 3 5 4 3 5 1 2 1 1 2 4 6 5 6 4 2 5 6 4 1 5 4 1 3 5 2 1 5 6
 1 2 1 6 1 2 1 2 6 3 6 1 3 3 3 4 2 6 2 4 5 1 4 2 5 4 6 3 5 3 3 3 1 2 5 1 2 1 4 6 1 4 2 1 3 1 2 5 2 3 1 6 2 2 4 1 5 2 4 1 4 5 2 1 5 5 5 6
 4 1 1 5 6 5 4 1 6 6 5 6 2 5 3 5 2 4 1 4 2 1 6 5 4 3 6 4 1 1 3 5 1 5 6 3 5 2 2 2 5 4 2 1 1 3 5 1 4 2 4 3 6 1 6 6 3 5 3 6 4 1 1 2 4 5 2 4
 6 3 5 6 4 6 3 1 3 3 3 2 2 6 3 3 3 6 6 5 4 1 3 2 5 3 4 5 3 6 5 2 5 4 3 5 2 2 6 1 6 4 4 4 4 1 3 3 3 6 2 2 1 6 2 4 2 4 5 4 1 4 4 2 4 1 6 4
 3 5 5 1 3 3 2 1 6 6 2 3 6 5 3 4 1 5 2 3 6 2 2 5 6 1 1 6 4 2 6 1 1 5 4 3 6 2 1 5 4 5 5 2 6 5 4 5 5 6 5 5 4 1 2 4 6 3 1 1 4 2 1 1 2 2 1 5
 4 2 3 4 6 3 6 3 1 4 3 4 5 1 3 6 4 6 4 6 5 5 2 5 6 6 3 4 5 2 2 2 3 3 6 6 3 5 4 4 3 6 3 1 2 6 4 2 3 5 6 4 1 1 5 6 4 6 5 5 4 5 3 5 1 2 4 3
 2 3 3 6 2 5 5 3 5 1 6 1 1 5 4 4 6 6 2 2 6 6 5 6 4 5 6 2 1 5 6 1 1 4 2 2 6 2 3 1 6 6 3 5 1 2 2 4 4 2 6 2 4 4 2 6 3 6 1 1 5 3 6 4 4 3 3 6
 2 1 2 5 6 6 3 4 3 6 3 6 1 1 5 6 2 4 6 5 3 6 6 2 4 1 1 4 1 2 5 3 6 1 1 2 2 6 6 6 6 4 4 4 3 3 6 5 2 2 3 5 3 3 3 4 4 5 1 3 4 4 6 6 3 6 2 2
 4 2 2 4 3 6 5 2 2 2 3 1 2 2 3 5 3 6 1 6 1 6 4 5 1 2 5 1 3 6 1 6 5 6 1 4 2 1 4 4 4 1 1 4 5 2 2 5 4 5 5 4 3 4 4 6 1 6 6 3 2 1 6 4 2 6 3 1
 4 1 3 2 3 6 4 4 6 4 2 4 6 3 3 2 1 4 3 4 1 5 6 5 2 1 4 5 3 1 6 3 6 1 3 4 5 6 3 1 5 2 2 4 5 6 5 6 3 6 3 5 5 6 5 5 3 6 2 5 1 6 6 4 4 5 1 6
 5 5 6 2 4 6 4 2 5 2 3 1 6 5 3 5 3 3 2 6 1 6 2 3 3 1 5 2 1 4 5 2 5 5 2 3 1 6 5 4 1 5 5 6 4 6 3 2 5 1 3 5 6 3 5 3 5 6 3 3 6 2 2 4 4 6 1 3
 4 5 3 1 3 5 1 3 3 3 2 6 5 1 3 2 2 3 4 4 2 5 4 3 1 1 3 2 4 1 2 2 5 2 6 1 6 4 5 4 4 5 6 6 1 5 6 3 5 6 3 3 1 5 4 2 5 2 2 2 5 6 3 6 5 3 6 6
 4 6 3 1 3 6 5 6 1 5 5 2 5 2 2 2 2 1 1 6 2 3 1 6 3 6 3 3 5 4 3 1 1 1 3 1 1 1 1 5 5 1 4 2 6 3 1 4 2 5 5 2 1 5 2 4 2 3 6 3 5 1 2 4 6 1 1 5
 2 6 6 1 2 4 4 2 6 5 5 1 5 1 2 2 4 2 2 4 2 5 5 1 3 4 1 2 5 2 5 5 6 6 6 4 3 5 5 2 1 4 5 6 2 5 2 5 2 6 6 4 3 4 6 1 1 1 5 1 5 3 5 5 2 2 5 4
 4 4 6 3 1 4 1 5 3 1 3 5 6 6 6 1 1 3 6 6 1 4 6 6 6 4 1 5 6 4 2 1 3 6 3 6 6 1 6 3 3 3 1 4 6 4 5 2 4 6 1 6 1 3 2 1 4 6 5 4 3 1 1 1 6 6 5 1
 3 1 3 2 5 4 2 4 5 5 2 3 4 4 4 3 3 4 1 1 1 5 5 1 5 5 5 4 5 4 2 5 6 6 4 5 3 5 6 3 2 5 1 6 1 3 1 1 5 5 3 2 6 3 5 2 6 5 4 4 6 5 3 5 2 4 5 2
 4 4 1 5 5 3 2 1 1 3 5 3 6 6 4 6 5 4 3 3 3 5 4 1 4 4 6 5 3 5 6 2 1 3 3 6 5 3 3 4 5 2 4 1 5 5 1 6 3 6 1 6 6 6 5 3 6 5 4 4 5 1 4 4 2 4 6 2
 3 2 3 5 5 1 3 4 2 4 2 4 4 1 5 4 4 3 3 4 2 3 5 1 6 6 4 6 6 6 6 4 5 6 1 6 6 2 6 6 1 3 2 1 2 5 3 2 1 4 4 6 2 3 4 2 6 2 2 3 4 6 5 4 2 5 5 3
 6 4 4 5 2 3 3 3 2 4 3 2 5 2 5 5 2 5 1 4 5 3 5 5 2 6 4 3 4 4 5 4 1 3 3 1 3 5 3 3 2 2 1 2 1 3 4 5 2 2 1 2 5 1 6 5 1 6 5 3 6 3 1 3 3 3 6 2
 6 5 4 3 1 4 1 2 3 4 2 2 2 3 4 4 6 1 5 3 6 2 5 6 2 1 4 6 6 6 1 3 3 5 2 2 1 4 3 1 2 1 1 2 1 4 5 1 2 3 5 2 5 1 6 4 3 4 1 3 6 5 3 6 4 1 3 6
 6 1 3 6 2 1 1 3 6 4 2 6 1 2 5 4 5 6 2 5 4 6 4 2 5 2 4 4 4 3 4 3 2 5 1 1 3 3 6 1 3 4 6 1 5 6 5 2 3 5 5 3 1 4 4 3 3 4 2 5 4 5 1 6 6 4 3 6
 3 1 6 6 2 6 2 2 2 1 1 2 3 6 5 6 3 2 2 6 4 5 2 3 6 5 1 1 4 2 5 5 1 2 3 4 5 1 6 3 4 5 5 3 2 3 2 4 3 3 4 3 2 1 6 2 4 3 6 1 5 1 3 5 3 6 5 3
 4 2 3 3 1 6 2 6 5 2 4 2 3 5 4 6 3 2 1 4 4 3 6 4 1 1 5 1 4 6 3 5 5 3 5 5 3 6 1 1 6 3 1 6 4 6 4 3 5 3 5 6 6 3 1 3 6 2 5 5 4 4 1 6 5 3 1 5
 6 3 2 3 4 3 3 1 5 3 3 4 6 6 1 4 4 3 3 4 1 2 5 1 3 1 6 4 5 1 5 6 1 5 4 4 3 3 2 1 4 4 4 1 5 6 5 1 2 1 5 2 2 5 5 3 4 6 6 1 5 5 2 3 6 2 4 3
 2 3 2 2 4 6 1 1 2 3 2 3 2 6 3 1 2 5 3 2 3 3 3 3 5 6 6 4 2 6 6 2 1 1 5 6 3 3 1 5 2 3 4 4 1 5 6 4 1 5 3 1 5 3 3 6 1 3 4 2 5 3 4 4 3 1 1 3
 6 6 1 5 5 2 4 6 4 2 6 3 5 3 3 4 6 4 2 2 3 6 4 4 1 1 2 2 5 4 4 1 5 3 1 3 3 6 6 6 3 1 3 1 6 6 1 1 2 5 6 5 1 4 1 6 6 6 1 6 1 3 6 6 5 5 3 5
 4 4 5 6 4 6 5 6 5 4 5 2 4 2 4 5 4 6 3 5 4 6 6 5 2 4 1 6 1 4 3 5 2 2 1 1 5 5 2 4 6 3 1 2 6 4 4 6 3 6 5 2 5 1 3 1 3 3 3 2 5 4 2 3 1 5 1 5
 4 6 6 2 2 3 3 2 1 6 3 4 6 5 1 3 3 3 5 5 6 6 2 2 2 2 1 5 3 1 5 4 5 1 6 4 1 4 5 2 1 2 3 1 5 2 6 1 2 2 5 3 4 2 2 1 5 6 6 1 6 2 4 2 4 4 6 3
 3 2 5 2 4 3 2 3 2 1 4 1 6 4 1 6 2 4 5 1 2 5 1 1 4 4 4 1 1 3 1 1 3 3 5 2 1 5 6 6 1 3 2 1 5 3 6 6 2 6 3 2 4 1 2 3 5 6 2 4 3 6 3 5 1 1 3 1
 6 5 5 2 2 3 6 4 3 5 5 4 5 2 6 2 3 2 6 3 3 6 2 1 1 3 6 3 6 6 1 4 2 1 1 3 6 3 5 1 6 2 6 2 4 4 2 5 4 5 4 5 2 3 1 3 5 2 4 2 2 3 5 3 5 6 5 1
 6 4 5 4 2 2 5 5 3 6 3 3 1 2 4 3 3 5 5 4 3 4 1 6 5 2 5 6 5 5 1 5 4 1 5 1 5 3 2 2 5 6 3 6 5 2 5 5 4 2 5 4 1 2 5 5 3 4 3 5 5 4 6 3 6 6 3 6
 3 5 4 3 1 1 4 4 1 1 4 3 6 2 5 5 5 2 5 4 5 1 3 3 1 2 6 6 6 6 2 4 2 4 6 5 5 4 6 2 1 4 3 5 3 4 6 1 5 4 1 1 3 1 3 5 4 1 1 4 2 4 6 2 1 3 4 6
 4 5 1 4 6 5 2 1 5 4 2 1 5 6 6 5 4 2 3 3 2 4 1 1 2 6 4 4 2 4 5 3 1 6 3 5 1 1)
[7]> ( die-face-history d2 )
(1 2 1 2 5 1 4 2 1 2 5 4 6 6 3 1 6 1 4 3 5 5 1 3 1 2 2 1 5 3 6 5 1 1 1 6 2 4 2 3 4 3 4 1 2 6 4 3 4 1 5 1 4 1 2 3 4 2 6 4 2 4 3 3 6 4 2 4
 4 3 3 1 3 2 3 3 5 2 2 5 3 6 1 4 3 2 1 2 4 6 1 4 4 6 4 1 5 3 3 1 3 2 6 6 6 1 6 5 6 2 1 3 3 4 4 6 2 5 5 1 1 4 1 3 3 1 1 6 6 4 2 6 3 6 3 6
 2 3 3 5 5 4 5 6 4 3 1 5 3 2 5 2 5 4 6 4 3 5 2 6 5 2 6 5 2 3 3 1 2 4 2 4 1 4 6 1 4 5 2 1 6 4 5 3 5 1 4 3 3 4 4 1 3 2 5 2 4 6 4 1 6 2 1 5
 5 4 2 4 1 6 6 2 5 1 4 6 1 2 1 3 3 2 6 6 5 2 4 3 3 3 6 2 1 3 6 2 5 4 6 4 5 2 3 2 1 2 5 1 4 3 5 4 2 3 6 3 5 4 3 5 5 3 3 4 5 1 5 4 2 6 6 1
 5 2 4 1 5 5 2 6 4 3 6 2 4 5 5 1 3 2 3 3 6 4 3 3 3 1 4 2 3 2 1 2 1 2 5 6 1 3 3 1 3 5 2 5 5 2 6 2 1 5 6 3 4 3 2 3 1 5 5 6 2 4 3 3 2 5 5 1
 3 2 4 6 6 5 1 4 4 4 3 2 1 6 1 1 1 6 6 4 6 6 2 1 6 2 6 5 4 3 6 5 1 3 2 1 5 2 5 1 1 5 6 4 5 3 4 1 4 4 6 2 1 2 1 4 4 2 4 5 5 4 3 4 5 2 2 4
 1 1 4 3 1 3 3 4 1 2 6 3 1 5 2 3 2 3 2 5 2 4 1 1 1 4 6 2 1 2 4 5 6 6 4 4 6 6 5 1 1 5 5 5 3 5 5 1 6 1 1 3 1 4 3 6 2 1 6 3 4 4 6 2 4 2 3 4
 6 2 1 3 1 3 4 4 4 5 3 2 6 3 6 1 6 4 1 2 4 1 1 1 3 4 6 2 6 2 5 3 3 1 3 5 1 1 3 3 2 1 6 6 2 5 5 1 3 1 5 4 5 4 1 6 4 3 5 6 6 6 6 4 6 1 2 3
 4 3 1 4 3 2 6 5 5 4 4 4 5 4 4 2 3 6 3 4 1 1 2 6 3 1 2 3 5 4 1 4 5 5 3 3 5 6 3 1 3 6 5 5 3 5 4 1 4 4 5 5 6 1 5 2 1 2 1 3 1 2 6 4 4 1 5 4
 4 4 3 6 5 3 6 2 5 6 3 2 6 2 2 3 3 1 1 2 2 5 3 4 6 5 4 3 3 2 6 2 4 4 4 6 1 3 3 6 6 3 5 3 1 3 6 3 6 6 3 6 3 4 4 6 4 1 2 6 2 5 4 4 3 1 1 3
 2 6 4 6 4 4 6 3 3 3 4 3 6 2 3 6 4 5 6 3 1 6 6 3 5 6 6 6 3 1 4 3 1 1 3 6 6 1 1 1 2 6 6 6 6 2 1 4 2 1 3 2 4 6 2 3 4 5 2 2 6 6 4 3 2 6 4 3
 2 4 4 1 6 2 3 2 6 2 5 6 5 1 1 5 5 1 4 6 3 2 5 6 4 5 1 3 2 2 5 2 1 3 6 2 5 5 3 5 4 3 4 2 1 3 6 3 1 3 5 6 2 2 3 3 5 2 3 2 4 3 6 1 4 6 5 4
 3 3 5 3 6 6 3 4 3 6 4 2 6 4 4 2 6 2 5 6 6 6 6 6 4 3 5 5 5 3 1 6 6 4 3 6 4 3 2 1 5 3 1 4 4 6 3 6 4 2 3 5 5 1 4 3 1 2 4 5 5 4 2 6 3 4 4 6
 6 3 3 4 4 4 1 3 6 3 3 1 2 2 2 4 1 2 1 3 6 6 3 1 5 1 6 5 2 4 2 5 1 6 4 5 6 2 2 4 6 3 5 1 4 6 2 3 6 3 4 2 3 2 4 6 5 4 5 6 6 4 6 5 4 5 2 4
 1 4 2 1 5 2 5 6 4 1 6 2 2 1 1 4 3 2 5 5 2 5 2 3 5 1 4 4 1 4 2 3 4 4 1 1 1 6 4 5 4 6 2 5 1 4 5 5 6 5 5 4 1 4 1 3 5 5 3 6 2 4 6 2 3 1 3 2
 6 1 1 2 4 5 5 3 3 5 4 1 5 3 1 4 2 1 5 4 4 4 1 4 3 5 1 3 3 4 6 6 2 3 4 2 6 2 5 1 2 2 4 4 4 2 3 2 4 2 2 1 2 2 3 6 2 4 4 2 4 1 6 3 6 4 1 3
 4 1 1 3 4 4 5 4 6 4 1 4 2 3 4 2 1 5 3 1 3 5 1 1 2 4 1 4 4 4 2 1 3 1 3 1 3 3 3 1 4 5 5 5 4 6 3 2 3 5 4 3 1 3 6 4 4 5 1 5 5 1 2 5 2 5 6 3
 5 1 4 3 6 2 1 6 3 1 5 6 6 4 2 4 3 5 3 3 4 3 4 5 1 5 2 5 3 5 2 6 6 1 4 6 3 5 1 3 6 4 3 2 2 3 6 4 3 3 5 6 5 5 6 6 6 6 2 6 4 1 6 3 2 5 2 2
 2 3 1 5 3 5 1 5 3 2 4 5 3 2 5 1 5 3 3 4 3 2 1 4 3 1 2 2 1 2 6 1 1 2 5 5 3 1 4 1 1 4 5 3 1 6 3 5 2 4 5 1 4 3 4 6 6 6 3 3 6 2 5 3 1 6 3 3
 1 3 6 3 4 3 5 4 1 4 1 3 3 1 2 2 6 3 5 6 1 5 4 6 3 4 1 6 4 1 1 6 5 3 5 1 6 1 2 4 1 6 3 3 4 6 2 5 1 2 1 5 4 4 1 3 1 2 4 4 1 3 5 5 6 3 3 6
 5 6 1 5 4 5 4 5 6 6 3 5 5 2 3 5 3 1 3 6 2 5 4 3 2 3 5 6 5 5 2 3 3 4 4 3 5 1 1 1 1 4 1 2 6 1 1 4 5 6 2 2 4 1 5 3 2 1 3 6 6 3 4 4 4 1 2 5
 6 1 2 1 3 6 6 2 5 4 3 1 5 4 5 2 3 3 1 2 4 4 1 6 6 5 6 2 4 1 1 3 5 3 6 5 3 3 6 1 4 3 5 6 3 6 6 6 1 5 2 4 2 2 3 6 4 1 4 5 6 6 2 4 6 2 4 1
 1 6 5 6 6 5 4 2 3 6 4 2 2 2 3 3 1 1 1 1 6 5 1 2 6 3 1 2 3 1 6 5 2 5 3 3 1 2 3 5 1 6 1 2 2 4 4 4 4 3 3 6 1 5 5 5 1 2 3 5 4 6 6 3 2 3 2 1
 5 4 4 5 3 2 2 1 5 1 4 5 3 4 5 3 5 5 2 5 1 6 6 1 2 2 6 5 5 5 6 6 6 3 4 5 3 1 5 2 3 6 1 1 1 5 3 5 5 3 6 1 2 3 3 4 6 3 3 2 6 5 5 4 1 3 4 5
 3 2 1 3 2 1 5 4 6 2 5 3 1 1 3 3 2 5 4 6 4 6 6 5 5 5 5 3 6 2 2 4 1 3 2 4 2 5 6 4 5 4 5 1 4 5 6 4 3 4 2 1 2 5 1 2 1 5 2 4 2 6 1 4 3 4 1 1
 5 2 2 3 2 5 3 4 5 3 5 3 1 6 1 5 4 5 6 3 4 4 6 5 5 5 4 5 3 5 6 4 4 3 5 5 6 3 5 5 4 1 1 4 6 5 4 4 6 6 5 6 4 3 1 5 5 1 5 4 4 3 2 1 5 4 6 4
 2 4 1 4 6 3 4 2 4 3 3 6 6 5 5 3 4 6 5 4 3 4 2 5 3 1 5 1 1 6 1 6 4 3 1 4 4 1 6 1 1 6 1 2 3 4 3 6 6 2 6 2 1 6 3 1 6 3 2 5 6 1 1 5 5 2 5 2
 4 5 3 6 5 1 6 2 6 4 3 5 3 6 6 1 2 3 1 4 3 6 5 5 6 1 2 5 2 4 1 4 3 3 5 5 4 6 5 5 1 6 4 4 3 2 1 6 6 1 5 4 6 1 3 5 3 3 2 6 3 3 5 3 2 1 5 1
 4 6 2 5 4 6 5 5 6 3 5 1 3 4 5 6 5 4 4 3 5 1 1 2 5 3 1 6 3 5 1 3 5 5 6 4 3 3 4 6 3 2 4 1 3 6 6 6 6 3 3 6 6 4 1 5 1 4 1 5 5 5 6 5 3 5 5 6
 4 5 5 3 6 3 2 6 5 5 5 1 5 2 6 3 2 4 4 3 3 4 3 1 3 2 2 4 2 4 4 3 3 5 6 6 6 3 1 6 1 5 6 1 4 4 4 2 1 6 4 2 4 2 1 5 5 5 5 2 2 6 1 3 1 3 4 4
 5 5 5 5 6 6 1 1 4 4 5 3 3 4 4 4 6 2 5 1 6 4 1 4 5 1 1 2 5 2 6 2 1 3 6 6 4 2 4 1 6 2 4 6 2 3 2 1 2 3 3 6 5 3 6 6 4 3 4 6 5 2 6 2 4 2 2 1
 5 3 2 4 6 6 1 5 4 5 3 5 2 3 1 5 4 6 2 1 5 1 4 5 1 4 6 2 3 3 5 1 3 1 6 2 6 4 5 6 3 3 5 2 5 2 3 4 4 1 2 2 5 1 2 5 1 4 4 6 6 4 3 4 1 4 2 3
 2 1 1 4 6 3 4 6 2 4 3 4 2 2 6 1 4 4 4 5 5 3 3 2 2 5 5 2 5 2 3 4 6 2 3 6 3 4 2 5 5 5 1 2 4 5 1 3 2 4 5 5 1 4 2 2 1 2 5 3 6 5 4 1 4 5 6 4
 1 4 3 5 1 6 5 4 3 4 3 4 1 1 3 6 6 3 3 4 1 6 6 4 4 3 1 5 6 2 4 4 2 5 3 6 3 1 3 5 4 1 4 5 5 1 3 4 3 3 5 4 1 4 6 1 3 6 1 2 4 3 2 2 4 4 4 3
 1 3 3 4 5 6 6 4 6 2 5 3 4 6 3 2 3 4 3 1 2 4 1 2 5 3 6 1 5 5 5 2 2 2 5 5 3 3 3 6 6 6 2 3 5 1 3 4 6 1 1 2 3 1 3 2 2 1 3 4 1 5 6 2 2 6 3 3
 1 6 6 6 5 5 2 6 6 4 3 6 2 4 6 2 3 3 1 6 3 3 5 1 6 6 4 5 2 3 5 1 5 5 3 6 3 3)
[8]> ( setf ( die-face-history d1 ) () )
NIL
[9]> ( setf ( die-face-history d2 ) () )
NIL
[10]> ( roll-for-sum d1 d2 5 )
NIL
[11]> ( die-face-history d1 )
(5 5 2 5 6 1 1 2 6 4 6 6 1 3 5 3 4 5)
[12]> ( die-face-history d2 )
(6 4 5 2 5 2 3 5 4 5 2 2 5 5 6 1 5 2)
[13]> ( setf ( die-face-history d1 ) () )
NIL
[14]> ( setf ( die-face-history d2 ) () )
NIL
[15]> ( setf d2 ( make-instance 'die :num-faces 12 ) )
#<DIE #x000334683BB0>
[16]> ( roll-for-sum d1 d2 17 )
NIL
[17]> ( die-face-history d1 )
(3 1 4 5 2 6 4 2 4)
[18]> ( die-face-history d2 )
(1 5 7 5 8 3 1 1 4)
[19]> (bye)
Bye.
